0	0.465	-0.04	-0.04	4.65	NAN	
0.1	0.015	-0.005	-0.005	0.15	NAN	
0.201	0.045	0.01	0.01	0.45	NAN	
0.301	0.09	-0.005	-0.005	0.9	NAN	
0.401	0.135	0.17	0.17	1.35	NAN	
0.501	0.135	-0.01	-0.01	1.35	NAN	
0.601	0.135	0.015	0.015	1.35	NAN	
0.701	0.165	0.02	0.02	1.65	NAN	
0.801	0.195	0.02	0.02	1.95	NAN	
0.901	0.21	0.015	0.015	2.1	NAN	
1.001	0.24	0.045	0.045	2.4	NAN	
1.101	0.27	0.055	0.055	2.7	NAN	
1.201	0.3	0.06	0.06	3	NAN	
1.301	0.33	0.115	0.115	3.3	NAN	
1.401	0.36	0.235	0.235	3.6	NAN	
1.501	0.375	0.29	0.29	3.75	NAN	
1.601	0.405	0.445	0.445	4.05	NAN	
1.701	0.42	0.51	0.51	4.2	NAN	
1.801	0.45	0.46	0.46	4.5	NAN	
1.901	0.48	0.395	0.395	4.8	NAN	
2.001	0.51	0.255	0.255	5.1	NAN	
2.101	0.54	0.165	0.165	5.4	NAN	
2.201	0.555	0.08	0.08	5.55	NAN	
2.301	0.585	0.06	0.06	5.85	NAN	
2.401	0.615	0.04	0.04	6.15	NAN	
2.501	0.645	0.08	0.08	6.45	NAN	
2.601	0.66	0.12	0.12	6.6	NAN	
2.701	0.69	0.165	0.165	6.9	NAN	
2.801	0.72	0.26	0.26	7.2	NAN	
2.901	0.75	0.38	0.38	7.5	NAN	
3.001	0.78	0.54	0.54	7.8	NAN	
3.101	0.795	0.73	0.73	7.95	NAN	
3.201	0.81	0.92	0.92	8.1	NAN	
3.301	0.84	1.18	1.18	8.4	NAN	
3.401	0.87	1.385	1.385	8.7	NAN	
3.501	0.9	1.525	1.525	9	NAN	
3.601	0.93	1.405	1.405	9.3	NAN	
3.701	0.945	1.075	1.075	9.45	NAN	
3.801	0.975	0.685	0.685	9.75	NAN	
3.901	1.005	0.38	0.38	10.05	NAN	
4.001	1.035	0.175	0.175	10.35	NAN	
4.101	1.05	0.085	0.085	10.5	NAN	
4.201	1.08	0.075	0.075	10.8	NAN	
4.301	1.11	0.115	0.115	11.1	NAN	
4.401	1.125	0.205	0.205	11.25	NAN	
4.501	1.155	0.35	0.35	11.55	NAN	
4.601	1.185	0.525	0.525	11.85	NAN	
4.701	1.2	0.715	0.715	12	NAN	
4.801	1.23	0.99	0.99	12.3	NAN	
4.901	1.26	1.265	1.265	12.6	NAN	
5.001	1.29	1.6	1.6	12.9	NAN	
5.101	1.32	1.99	1.99	13.2	NAN	
5.201	1.335	2.355	2.355	13.35	NAN	
5.301	1.365	2.63	2.63	13.65	NAN	
5.401	1.395	2.63	2.63	13.95	NAN	
5.501	1.425	2.215	2.215	14.25	NAN	
5.601	1.455	1.54	1.54	14.55	NAN	
5.701	1.455	0.92	0.92	14.55	NAN	
5.801	1.485	0.495	0.495	14.85	NAN	
5.901	1.515	0.215	0.215	15.15	NAN	
6.001	1.545	0.15	0.15	15.45	NAN	
6.101	1.575	0.135	0.135	15.75	NAN	
6.201	1.59	0.265	0.265	15.9	NAN	
6.301	1.62	0.455	0.455	16.2	NAN	
6.401	1.65	0.62	0.62	16.5	NAN	
6.501	1.68	0.92	0.92	16.8	NAN	
6.601	1.71	1.24	1.24	17.1	NAN	
6.701	1.725	1.585	1.585	17.25	NAN	
6.801	1.755	2.055	2.055	17.55	NAN	
6.901	1.785	2.505	2.505	17.85	NAN	
7.001	1.8	3.065	3.065	18	NAN	
7.101	1.83	3.57	3.57	18.3	NAN	
7.201	1.845	3.8	3.8	18.45	NAN	
7.301	1.875	3.665	3.665	18.75	NAN	
7.401	1.905	3.07	3.07	19.05	NAN	
7.501	1.935	2.17	2.17	19.35	NAN	
7.601	1.965	1.38	1.38	19.65	NAN	
7.701	1.98	0.775	0.775	19.8	NAN	
7.801	2.01	0.435	0.435	20.1	NAN	
7.901	2.04	0.29	0.29	20.4	NAN	
8.001	2.07	0.31	0.31	20.7	NAN	
8.101	2.085	0.44	0.44	20.85	NAN	
8.201	2.115	0.63	0.63	21.15	NAN	
8.301	2.13	0.915	0.915	21.3	NAN	
8.401	2.16	1.28	1.28	21.6	NAN	
8.501	2.19	1.705	1.705	21.9	NAN	
8.601	2.22	2.195	2.195	22.2	NAN	
8.701	2.235	2.8	2.8	22.35	NAN	
8.801	2.265	3.43	3.43	22.65	NAN	
8.901	2.295	4.08	4.08	22.95	NAN	
9.001	2.325	4.63	4.63	23.25	NAN	
9.101	2.355	4.93	4.93	23.55	NAN	
9.201	2.37	4.775	4.775	23.7	NAN	
9.301	2.4	3.62	3.62	24	NAN	
9.401	2.43	3.15	3.15	24.3	NAN	
9.501	2.46	2.21	2.21	24.6	NAN	
9.601	2.475	1.425	1.425	24.75	NAN	
9.701	2.49	0.9	0.9	24.9	NAN	
9.801	2.52	0.625	0.625	25.2	NAN	
9.901	2.55	0.525	0.525	25.5	NAN	
10.001	2.58	0.64	0.64	25.8	NAN	
10.101	2.595	0.68	0.68	25.95	NAN	
10.201	2.625	1.17	1.17	26.25	NAN	
10.301	2.655	1.585	1.585	26.55	NAN	
10.401	2.685	2.11	2.11	26.85	NAN	
10.501	2.715	2.7	2.7	27.15	NAN	
10.601	2.73	3.365	3.365	27.3	NAN	
10.701	2.76	4.095	4.095	27.6	NAN	
10.801	2.79	4.88	4.88	27.9	NAN	
10.901	2.805	5.53	5.53	28.05	NAN	
11.001	2.835	5.95	5.95	28.35	NAN	
11.101	2.85	5.9	5.9	28.5	NAN	
11.201	2.88	5.33	5.33	28.8	NAN	
11.301	2.91	4.44	4.44	29.1	NAN	
11.401	2.94	3.43	3.43	29.4	NAN	
11.501	2.955	2.465	2.465	29.55	NAN	
11.601	2.985	1.695	1.695	29.85	NAN	
11.701	3.015	1.205	1.205	30.15	NAN	
11.801	3.045	0.95	0.95	30.45	NAN	
11.901	3.075	0.935	0.935	30.75	NAN	
12.001	3.09	1.095	1.095	30.9	NAN	
12.101	3.105	1.385	1.385	31.05	NAN	
12.201	3.135	1.83	1.83	31.35	NAN	
12.301	3.165	2.37	2.37	31.65	NAN	
12.401	3.195	2.755	2.755	31.95	NAN	
12.501	3.195	2.745	2.745	31.95	NAN	
12.601	3.195	2.755	2.755	31.95	NAN	
12.701	3.195	2.75	2.75	31.95	NAN	
12.801	3.195	2.75	2.75	31.95	NAN	
12.901	3.195	2.755	2.755	31.95	NAN	
13.001	3.195	2.745	2.745	31.95	NAN	
13.101	3.195	2.745	2.745	31.95	NAN	
13.201	3.195	2.745	2.745	31.95	NAN	
13.301	3.195	2.755	2.755	31.95	NAN	
13.401	3.195	2.76	2.76	31.95	NAN	
13.501	3.195	2.76	2.76	31.95	NAN	
13.601	3.195	2.755	2.755	31.95	NAN	
