0,0	-0,13424
1,0	-0,13279
2,0	-0,12945
3,0	-0,12796
4,0	-0,13009
6,0	-0,12889
7,0	-0,12407
8,0	-0,12539
9,0	-0,12477
10,0	-0,12115
11,0	-0,12035
12,0	-0,12158
13,0	-0,12092
14,0	-0,11674
15,0	-0,11577
16,0	-0,11788
17,0	-0,11676
18,0	-0,11327
19,0	-0,11246
20,0	-0,11405
21,0	-0,11390
22,0	-0,10969
23,0	-0,10908
24,0	-0,11166
25,0	-0,11136
26,0	-0,10799
27,0	-0,10615
28,0	-0,10802
29,0	-0,10756
30,0	-0,10436
31,0	-0,10332
32,0	-0,10440
33,0	-0,10431
34,0	-0,10117
35,0	-0,09980
36,0	-0,10151
37,0	-0,10119
38,0	-0,09784
39,0	-0,09678
40,0	-0,09909
41,0	-0,09846
42,0	-0,09662
43,0	-0,09776
44,0	-0,10038
45,0	-0,09789
46,0	-0,09473
47,0	-0,09385
48,0	-0,09631
49,0	-0,09638
50,0	-0,09406
51,0	-0,09337
52,0	-0,09561
53,0	-0,09656
54,0	-0,09363
55,0	-0,09314
56,0	-0,09586
57,0	-0,09658
58,0	-0,09378
59,0	-0,09311
60,0	-0,09548
61,0	-0,09653
62,0	-0,09401
63,0	-0,09384
64,0	-0,09660
65,0	-0,09752
66,0	-0,09497
67,0	-0,09523
68,0	-0,09792
69,0	-0,09961
70,0	-0,09777
71,0	-0,09668
72,0	-0,09924
73,0	-0,10030
74,0	-0,09834
75,0	-0,09755
76,0	-0,10067
77,0	-0,10257
78,0	-0,10075
79,0	-0,10005
80,0	-0,10325
81,0	-0,10497
82,0	-0,10343
83,0	-0,10248
84,0	-0,10527
85,0	-0,10723
86,0	-0,10527
87,0	-0,10477
88,0	-0,10731
89,0	-0,10997
90,0	-0,10824
91,0	-0,10764
92,0	-0,11132
93,0	-0,11279
94,0	-0,11162
95,0	-0,11065
96,0	-0,11290
97,0	-0,11528
98,0	-0,11363
99,0	-0,11327
100,0	-0,11620
101,0	-0,11878
102,0	-0,11683
103,0	-0,11613
104,0	-0,11844
105,0	-0,12036
106,0	-0,11930
107,0	-0,11834
108,0	-0,12070
109,0	-0,12286
110,0	-0,12144
111,0	-0,12054
112,0	-0,12237
113,0	-0,12492
114,0	-0,12378
115,0	-0,12230
116,0	-0,12409
117,0	-0,12625
118,0	-0,12483
119,0	-0,12457
120,0	-0,12621
121,0	-0,12794
122,0	-0,12652
123,0	-0,12473
124,0	-0,12673
125,0	-0,12867
126,0	-0,12808
127,0	-0,12650
128,0	-0,12784
129,0	-0,13011
130,0	-0,12879
131,0	-0,12687
132,0	-0,12881
133,0	-0,13073
134,0	-0,12926
135,0	-0,12814
136,0	-0,13501
137,0	-0,12825
138,0	-0,11918
139,0	-0,11702
140,0	-0,11992
141,0	-0,12182
142,0	-0,11851
143,0	-0,11635
144,0	-0,11944
145,0	-0,12169
146,0	-0,11844
147,0	-0,11560
148,0	-0,11810
149,0	-0,12020
150,0	-0,11727
151,0	-0,11330
152,0	-0,11620
153,0	-0,11813
154,0	-0,11503
155,0	-0,11141
156,0	-0,11360
157,0	-0,11579
158,0	-0,11183
159,0	-0,10825
160,0	-0,11043
161,0	-0,11205
162,0	-0,10949
163,0	-0,10586
164,0	-0,10740
165,0	-0,10875
166,0	-0,10599
167,0	-0,10213
168,0	-0,10347
169,0	-0,10579
170,0	-0,10262
171,0	-0,09895
172,0	-0,10010
173,0	-0,10253
174,0	-0,09878
175,0	-0,09535
176,0	-0,09677
177,0	-0,09868
178,0	-0,09523
179,0	-0,09109
180,0	-0,09262
181,0	-0,09478
182,0	-0,09144
183,0	-0,08713
184,0	-0,08801
185,0	-0,08995
186,0	-0,08719
187,0	-0,08319
188,0	-0,08355
189,0	-0,08556
190,0	-0,08238
191,0	-0,07765
192,0	-0,07887
193,0	-0,08072
194,0	-0,07812
195,0	-0,07361
196,0	-0,07442
197,0	-0,07624
198,0	-0,07379
199,0	-0,06974
200,0	-0,07033
201,0	-0,07225
202,0	-0,06964
203,0	-0,06581
204,0	-0,06632
205,0	-0,06843
206,0	-0,06654
207,0	-0,06244
208,0	-0,06308
209,0	-0,06477
210,0	-0,06320
211,0	-0,05978
212,0	-0,06021
213,0	-0,06273
214,0	-0,06126
215,0	-0,05704
216,0	-0,05791
217,0	-0,05996
218,0	-0,05809
219,0	-0,05524
220,0	-0,05627
221,0	-0,05829
222,0	-0,05680
223,0	-0,05351
224,0	-0,05391
225,0	-0,05632
226,0	-0,05540
227,0	-0,05199
228,0	-0,05245
229,0	-0,05467
230,0	-0,05386
231,0	-0,05075
232,0	-0,05121
233,0	-0,05369
234,0	-0,05314
235,0	-0,05037
236,0	-0,05102
237,0	-0,05327
238,0	-0,05321
239,0	-0,04979
240,0	-0,05177
241,0	-0,05780
242,0	-0,06497
243,0	-0,05757
244,0	-0,05195
245,0	-0,05778
246,0	-0,05931
247,0	-0,05530
248,0	-0,05340
249,0	-0,05856
250,0	-0,06191
251,0	-0,05799
252,0	-0,05691
253,0	-0,06127
254,0	-0,06384
255,0	-0,06053
256,0	-0,05947
257,0	-0,06468
258,0	-0,06663
259,0	-0,06271
260,0	-0,06225
261,0	-0,06740
262,0	-0,07002
263,0	-0,06678
264,0	-0,06497
265,0	-0,07097
266,0	-0,07450
267,0	-0,07067
268,0	-0,06893
269,0	-0,07365
270,0	-0,07702
271,0	-0,07423
272,0	-0,07258
273,0	-0,07729
274,0	-0,08123
275,0	-0,07841
276,0	-0,07686
277,0	-0,08172
278,0	-0,08578
279,0	-0,08318
280,0	-0,08196
281,0	-0,08634
282,0	-0,08963
283,0	-0,08676
284,0	-0,08590
285,0	-0,08972
286,0	-0,09320
287,0	-0,09119
288,0	-0,08967
289,0	-0,09359
290,0	-0,09735
291,0	-0,09428
292,0	-0,09223
293,0	-0,09695
294,0	-0,10034
295,0	-0,09769
296,0	-0,09548
297,0	-0,09975
298,0	-0,10333
299,0	-0,10091
300,0	-0,09876
301,0	-0,10231
302,0	-0,10604
303,0	-0,10451
304,0	-0,10238
305,0	-0,10513
306,0	-0,10875
307,0	-0,10673
308,0	-0,10477
309,0	-0,10749
310,0	-0,11054
311,0	-0,10766
312,0	-0,10488
313,0	-0,10827
314,0	-0,11130
315,0	-0,10924
316,0	-0,10683
317,0	-0,10934
318,0	-0,11226
319,0	-0,11033
320,0	-0,10706
321,0	-0,10976
322,0	-0,11285
323,0	-0,11154
324,0	-0,10826
325,0	-0,11052
326,0	-0,11375
327,0	-0,11488
328,0	-0,11072
329,0	-0,10713
330,0	-0,11008
331,0	-0,10652
332,0	-0,10233
333,0	-0,10555
334,0	-0,10817
335,0	-0,10495
336,0	-0,10043
337,0	-0,10271
338,0	-0,10657
339,0	-0,10297
340,0	-0,09823
341,0	-0,09963
342,0	-0,10285
343,0	-0,09948
344,0	-0,09415
345,0	-0,09575
346,0	-0,09905
347,0	-0,09558
348,0	-0,09117
349,0	-0,09242
350,0	-0,09446
351,0	-0,09160
352,0	-0,08595
353,0	-0,08739
354,0	-0,09067
355,0	-0,08764
356,0	-0,08243
357,0	-0,08285
358,0	-0,08532
359,0	-0,08193
360,0	-0,07612
361,0	-0,07647
362,0	-0,07973
363,0	-0,07626
364,0	-0,07080
365,0	-0,07121
366,0	-0,07310
367,0	-0,06987
368,0	-0,06417
369,0	-0,06442
370,0	-0,06751
371,0	-0,06473
372,0	-0,05839
373,0	-0,05835
374,0	-0,06061
375,0	-0,05755
376,0	-0,05150
377,0	-0,05169
378,0	-0,05404
379,0	-0,05127
380,0	-0,04539
381,0	-0,04564
382,0	-0,04865
383,0	-0,04624
384,0	-0,04075
385,0	-0,03999
386,0	-0,04289
387,0	-0,04086
388,0	-0,03522
389,0	-0,03462
390,0	-0,03763
391,0	-0,03533
392,0	-0,03075
393,0	-0,03012
394,0	-0,03312
395,0	-0,03087
396,0	-0,02647
397,0	-0,02594
398,0	-0,02917
399,0	-0,02685
400,0	-0,02225
401,0	-0,02214
402,0	-0,02531
403,0	-0,02367
404,0	-0,01890
405,0	-0,01876
406,0	-0,02184
407,0	-0,02080
408,0	-0,01645
409,0	-0,01678
410,0	-0,02010
411,0	-0,01917
412,0	-0,01556
413,0	-0,01540
414,0	-0,01890
415,0	-0,01806
416,0	-0,01443
417,0	-0,01455
418,0	-0,01750
419,0	-0,01714
420,0	-0,01316
421,0	-0,01328
422,0	-0,01690
423,0	-0,01734
424,0	-0,02108
425,0	-0,02128
426,0	-0,02684
427,0	-0,02448
428,0	-0,01800
429,0	-0,01882
430,0	-0,02402
431,0	-0,02425
432,0	-0,02049
433,0	-0,02202
434,0	-0,02700
435,0	-0,02766
436,0	-0,02317
437,0	-0,02481
438,0	-0,03063
439,0	-0,03114
440,0	-0,02736
441,0	-0,02911
442,0	-0,03589
443,0	-0,03698
444,0	-0,03333
445,0	-0,03441
446,0	-0,04080
447,0	-0,04242
448,0	-0,03877
449,0	-0,04029
450,0	-0,04648
451,0	-0,04809
452,0	-0,04540
453,0	-0,04583
454,0	-0,05190
455,0	-0,05427
456,0	-0,05201
457,0	-0,05316
458,0	-0,05996
459,0	-0,06053
460,0	-0,05891
461,0	-0,06019
462,0	-0,06671
463,0	-0,06788
464,0	-0,06539
465,0	-0,06608
466,0	-0,07231
467,0	-0,07473
468,0	-0,07180
469,0	-0,07270
470,0	-0,07872
471,0	-0,08110
472,0	-0,07777
473,0	-0,07731
474,0	-0,08332
475,0	-0,08564
476,0	-0,08278
477,0	-0,08309
478,0	-0,08837
479,0	-0,09070
480,0	-0,08801
481,0	-0,08764
482,0	-0,09312
483,0	-0,09618
484,0	-0,09313
485,0	-0,09253
486,0	-0,09739
487,0	-0,10011
488,0	-0,09707
489,0	-0,09680
490,0	-0,10074
491,0	-0,10320
492,0	-0,10028
493,0	-0,10028
494,0	-0,10392
495,0	-0,10593
496,0	-0,10308
497,0	-0,10221
498,0	-0,10640
499,0	-0,10823
500,0	-0,10438
501,0	-0,10317
502,0	-0,10670
503,0	-0,10859
504,0	-0,10502
505,0	-0,10350
506,0	-0,10701
507,0	-0,10835
508,0	-0,10509
509,0	-0,10295
510,0	-0,10626
511,0	-0,10774
512,0	-0,10856
513,0	-0,10585
514,0	-0,09659
515,0	-0,09877
516,0	-0,09696
517,0	-0,09413
518,0	-0,09556
519,0	-0,09696
520,0	-0,09425
521,0	-0,09121
522,0	-0,09194
523,0	-0,09240
524,0	-0,08968
525,0	-0,08560
526,0	-0,08575
527,0	-0,08713
528,0	-0,08427
529,0	-0,08058
530,0	-0,08010
531,0	-0,08062
532,0	-0,07846
533,0	-0,07530
534,0	-0,07444
535,0	-0,07507
536,0	-0,07240
537,0	-0,06888
538,0	-0,06736
539,0	-0,06745
540,0	-0,06535
541,0	-0,06191
542,0	-0,06095
543,0	-0,06083
544,0	-0,05783
545,0	-0,05421
546,0	-0,05339
547,0	-0,05324
548,0	-0,05034
549,0	-0,04672
550,0	-0,04501
551,0	-0,04530
552,0	-0,04279
553,0	-0,03874
554,0	-0,03822
555,0	-0,03852
556,0	-0,03618
557,0	-0,03145
558,0	-0,03019
559,0	-0,03024
560,0	-0,02820
561,0	-0,02429
562,0	-0,02218
563,0	-0,02220
564,0	-0,02037
565,0	-0,01676
566,0	-0,01561
567,0	-0,01585
568,0	-0,01342
569,0	-0,00965
570,0	-0,00925
571,0	-0,00902
572,0	-0,00785
573,0	-0,00440
574,0	-0,00356
575,0	-0,00463
576,0	-0,00290
577,0	0,00029
578,0	0,00138
579,0	0,00001
580,0	0,00120
581,0	0,00393
582,0	0,00520
583,0	0,00362
584,0	0,00435
585,0	0,00728
586,0	0,00827
587,0	0,00645
588,0	0,00749
589,0	0,01002
590,0	0,01061
591,0	0,00915
592,0	0,00971
593,0	0,01171
594,0	0,01162
595,0	0,01063
596,0	0,01041
597,0	0,01200
598,0	0,01272
599,0	0,01149
600,0	0,01087
601,0	0,01250
602,0	0,01164
603,0	0,00969
604,0	0,00725
605,0	0,00192
606,0	0,00448
607,0	0,00280
608,0	0,00323
609,0	0,00565
610,0	0,00697
611,0	0,00531
612,0	0,00146
613,0	0,00177
614,0	0,00298
615,0	0,00063
616,0	-0,00314
617,0	-0,00302
618,0	-0,00185
619,0	-0,00567
620,0	-0,00983
621,0	-0,00900
622,0	-0,00818
623,0	-0,01194
624,0	-0,01659
625,0	-0,01623
626,0	-0,01469
627,0	-0,01874
628,0	-0,02284
629,0	-0,02373
630,0	-0,02185
631,0	-0,02522
632,0	-0,02993
633,0	-0,03110
634,0	-0,02991
635,0	-0,03298
636,0	-0,03796
637,0	-0,03887
638,0	-0,03869
639,0	-0,04100
640,0	-0,04521
641,0	-0,04668
642,0	-0,04624
643,0	-0,04957
644,0	-0,05354
645,0	-0,05452
646,0	-0,05444
647,0	-0,05764
648,0	-0,06266
649,0	-0,06333
650,0	-0,06229
651,0	-0,06552
652,0	-0,07036
653,0	-0,07168
654,0	-0,07022
655,0	-0,07283
656,0	-0,07832
657,0	-0,07931
658,0	-0,07830
659,0	-0,08017
660,0	-0,08512
661,0	-0,08647
662,0	-0,08522
663,0	-0,08701
664,0	-0,09195
665,0	-0,09297
666,0	-0,09208
667,0	-0,09360
668,0	-0,09754
669,0	-0,09862
670,0	-0,09682
671,0	-0,09909
672,0	-0,10252
673,0	-0,10301
674,0	-0,10152
675,0	-0,10329
676,0	-0,10697
677,0	-0,10774
678,0	-0,10577
679,0	-0,10716
680,0	-0,10988
681,0	-0,11051
682,0	-0,10819
683,0	-0,10881
684,0	-0,11236
685,0	-0,11295
686,0	-0,11093
687,0	-0,11103
688,0	-0,11376
689,0	-0,11354
690,0	-0,11169
691,0	-0,11192
692,0	-0,12282
693,0	-0,12243
694,0	-0,10838
695,0	-0,10941
696,0	-0,11453
697,0	-0,11189
698,0	-0,10719
699,0	-0,10866
700,0	-0,11289
701,0	-0,10963
702,0	-0,10384
703,0	-0,10517
704,0	-0,10926
705,0	-0,10563
706,0	-0,09967
707,0	-0,10035
708,0	-0,10380
709,0	-0,10156
710,0	-0,09532
711,0	-0,09523
712,0	-0,09795
713,0	-0,09584
714,0	-0,08937
715,0	-0,08815
716,0	-0,09129
717,0	-0,08836
718,0	-0,08180
719,0	-0,08082
720,0	-0,08355
721,0	-0,08023
722,0	-0,07383
723,0	-0,07322
724,0	-0,07556
725,0	-0,07289
726,0	-0,06630
727,0	-0,06504
728,0	-0,06788
729,0	-0,06516
730,0	-0,05798
731,0	-0,05636
732,0	-0,05918
733,0	-0,05636
734,0	-0,04920
735,0	-0,04707
736,0	-0,04939
737,0	-0,04718
738,0	-0,04019
739,0	-0,03843
740,0	-0,04113
741,0	-0,03825
742,0	-0,03109
743,0	-0,02859
744,0	-0,03162
745,0	-0,02968
746,0	-0,02260
747,0	-0,02075
748,0	-0,02318
749,0	-0,02162
750,0	-0,01490
751,0	-0,01292
752,0	-0,01542
753,0	-0,01359
754,0	-0,00680
755,0	-0,00524
756,0	-0,00865
757,0	-0,00714
758,0	-0,00039
759,0	0,00161
760,0	-0,00194
761,0	-0,00127
762,0	0,00538
763,0	0,00697
764,0	0,00381
765,0	0,00430
766,0	0,01032
767,0	0,01264
768,0	0,00958
769,0	0,00979
770,0	0,01491
771,0	0,01686
772,0	0,01359
773,0	0,01424
774,0	0,01932
775,0	0,02102
776,0	0,01688
777,0	0,01653
778,0	0,02086
779,0	0,02179
780,0	0,01826
781,0	0,01820
782,0	0,02225
783,0	0,02371
784,0	0,01985
785,0	0,01902
786,0	0,02257
787,0	0,02399
788,0	0,01976
789,0	0,01772
790,0	0,02128
791,0	0,02248
792,0	0,01809
793,0	0,01596
794,0	0,01961
795,0	0,02032
796,0	0,01610
797,0	0,01352
798,0	0,01283
799,0	0,00916
800,0	0,00744
801,0	0,00929
802,0	0,01025
803,0	0,01005
804,0	0,00714
805,0	0,00398
806,0	0,00478
807,0	0,00400
808,0	0,00048
809,0	-0,00172
810,0	-0,00178
811,0	-0,00273
812,0	-0,00674
813,0	-0,00932
814,0	-0,00852
815,0	-0,00938
816,0	-0,01363
817,0	-0,01785
818,0	-0,01743
819,0	-0,01745
820,0	-0,02218
821,0	-0,02589
822,0	-0,02605
823,0	-0,02686
824,0	-0,03137
825,0	-0,03511
826,0	-0,03579
827,0	-0,03607
828,0	-0,03953
829,0	-0,04347
830,0	-0,04471
831,0	-0,04520
832,0	-0,04913
833,0	-0,05284
834,0	-0,05411
835,0	-0,05528
836,0	-0,05824
837,0	-0,06201
838,0	-0,06248
839,0	-0,06346
840,0	-0,06758
841,0	-0,07060
842,0	-0,07154
843,0	-0,07183
844,0	-0,07570
845,0	-0,07973
846,0	-0,07983
847,0	-0,08048
848,0	-0,08399
849,0	-0,08787
850,0	-0,08832
851,0	-0,08842
852,0	-0,09152
853,0	-0,09525
854,0	-0,09571
855,0	-0,09567
856,0	-0,09838
857,0	-0,10196
858,0	-0,10274
859,0	-0,10277
860,0	-0,10466
861,0	-0,10754
862,0	-0,10739
863,0	-0,10722
864,0	-0,10899
865,0	-0,11157
866,0	-0,11137
867,0	-0,11028
868,0	-0,11222
869,0	-0,11516
870,0	-0,11440
871,0	-0,11358
872,0	-0,11540
873,0	-0,11769
874,0	-0,11688
875,0	-0,11518
876,0	-0,11678
877,0	-0,11883
878,0	-0,11763
879,0	-0,11584
880,0	-0,11715
881,0	-0,11846
882,0	-0,11732
883,0	-0,11536
884,0	-0,11585
885,0	-0,11724
886,0	-0,11622
887,0	-0,11411
888,0	-0,11372
889,0	-0,11582
890,0	-0,11887
891,0	-0,11200
892,0	-0,10543
893,0	-0,10647
894,0	-0,10436
895,0	-0,10152
896,0	-0,10162
897,0	-0,10230
898,0	-0,10022
899,0	-0,09618
900,0	-0,09603
901,0	-0,09667
902,0	-0,09325
903,0	-0,08934
904,0	-0,08846
905,0	-0,08856
906,0	-0,08613
907,0	-0,08206
908,0	-0,08150
909,0	-0,08079
910,0	-0,07754
911,0	-0,07378
912,0	-0,07211
913,0	-0,07163
914,0	-0,06848
915,0	-0,06462
916,0	-0,06322
917,0	-0,06231
918,0	-0,05915
919,0	-0,05532
920,0	-0,05337
921,0	-0,05194
922,0	-0,04870
923,0	-0,04470
924,0	-0,04301
925,0	-0,04252
926,0	-0,03930
927,0	-0,03515
928,0	-0,03288
929,0	-0,03193
930,0	-0,02890
931,0	-0,02427
932,0	-0,02193
933,0	-0,02179
934,0	-0,01823
935,0	-0,01334
936,0	-0,01184
937,0	-0,01164
938,0	-0,00890
939,0	-0,00481
940,0	-0,00302
941,0	-0,00247
942,0	0,00018
943,0	0,00377
944,0	0,00548
945,0	0,00605
946,0	0,00853
947,0	0,01202
948,0	0,01417
949,0	0,01370
950,0	0,01560
951,0	0,02038
952,0	0,02168
953,0	0,02118
954,0	0,02282
955,0	0,02632
956,0	0,02795
957,0	0,02752
958,0	0,02898
959,0	0,03190
960,0	0,03323
961,0	0,03203
962,0	0,03303
963,0	0,03582
964,0	0,03702
965,0	0,03543
966,0	0,03593
967,0	0,03902
968,0	0,03971
969,0	0,03868
970,0	0,03894
971,0	0,04110
972,0	0,04210
973,0	0,03947
974,0	0,03945
975,0	0,04148
976,0	0,04208
977,0	0,04061
978,0	0,03988
979,0	0,04095
980,0	0,04088
981,0	0,03876
982,0	0,03736
983,0	0,03906
984,0	0,03901
985,0	0,03619
986,0	0,03468
987,0	0,03422
988,0	0,02116
989,0	0,02175
990,0	0,01526
991,0	0,02661
992,0	0,02300
993,0	0,02349
994,0	0,02333
995,0	0,02127
996,0	0,01702
997,0	0,01561
998,0	0,01538
999,0	0,01319
1000,0	0,01019
1001,0	0,00868
1002,0	0,00762
1003,0	0,00362
1004,0	0,00052
1005,0	-0,00068
1006,0	-0,00172
1007,0	-0,00627
1008,0	-0,00974
1009,0	-0,01045
1010,0	-0,01099
1011,0	-0,01549
1012,0	-0,01918
1013,0	-0,02161
1014,0	-0,02296
1015,0	-0,02651
1016,0	-0,03129
1017,0	-0,03324
1018,0	-0,03415
1019,0	-0,03698
1020,0	-0,04109
1021,0	-0,04331
1022,0	-0,04538
1023,0	-0,04830
1024,0	-0,05190
1025,0	-0,05381
1026,0	-0,05666
1027,0	-0,05969
1028,0	-0,06262
1029,0	-0,06379
1030,0	-0,06542
1031,0	-0,06866
1032,0	-0,07270
1033,0	-0,07333
1034,0	-0,07545
1035,0	-0,07849
1036,0	-0,08271
1037,0	-0,08361
1038,0	-0,08450
1039,0	-0,08776
1040,0	-0,09198
1041,0	-0,09314
1042,0	-0,09345
1043,0	-0,09614
1044,0	-0,09930
1045,0	-0,10070
1046,0	-0,10121
1047,0	-0,10344
1048,0	-0,10635
1049,0	-0,10836
1050,0	-0,10962
1051,0	-0,11131
1052,0	-0,11363
1053,0	-0,11425
1054,0	-0,11456
1055,0	-0,11654
1056,0	-0,11888
1057,0	-0,11900
1058,0	-0,11807
1059,0	-0,12069
1060,0	-0,12291
1061,0	-0,12213
1062,0	-0,12128
1063,0	-0,12323
1064,0	-0,12464
1065,0	-0,12494
1066,0	-0,12365
1067,0	-0,12467
1068,0	-0,12603
1069,0	-0,12547
1070,0	-0,12411
1071,0	-0,12372
1072,0	-0,12478
1073,0	-0,12418
1074,0	-0,12342
1075,0	-0,12274
1076,0	-0,12340
1077,0	-0,12442
1078,0	-0,12280
1079,0	-0,11958
1080,0	-0,11860
1081,0	-0,11549
1082,0	-0,11221
1083,0	-0,11317
1084,0	-0,11363
1085,0	-0,11066
1086,0	-0,10646
1087,0	-0,10714
1088,0	-0,10677
1089,0	-0,10422
1090,0	-0,09979
1091,0	-0,09957
1092,0	-0,09947
1093,0	-0,09616
1094,0	-0,09136
1095,0	-0,09105
1096,0	-0,09044
1097,0	-0,08650
1098,0	-0,08231
1099,0	-0,08104
1100,0	-0,08032
1101,0	-0,07610
1102,0	-0,07166
1103,0	-0,07046
1104,0	-0,06921
1105,0	-0,06489
1106,0	-0,06039
1107,0	-0,05876
1108,0	-0,05758
1109,0	-0,05326
1110,0	-0,04823
1111,0	-0,04684
1112,0	-0,04656
1113,0	-0,04274
1114,0	-0,03763
1115,0	-0,03619
1116,0	-0,03564
1117,0	-0,03123
1118,0	-0,02641
1119,0	-0,02353
1120,0	-0,02258
1121,0	-0,01878
1122,0	-0,01350
1123,0	-0,01142
1124,0	-0,01048
1125,0	-0,00736
1126,0	-0,00309
1127,0	-0,00137
1128,0	-0,00048
1129,0	0,00372
1130,0	0,00793
1131,0	0,00938
1132,0	0,01053
1133,0	0,01442
1134,0	0,01846
1135,0	0,02025
1136,0	0,02051
1137,0	0,02429
1138,0	0,02806
1139,0	0,02905
1140,0	0,02943
1141,0	0,03153
1142,0	0,03566
1143,0	0,03715
1144,0	0,03663
1145,0	0,03822
1146,0	0,04263
1147,0	0,04368
1148,0	0,04269
1149,0	0,04441
1150,0	0,04768
1151,0	0,04892
1152,0	0,04828
1153,0	0,04943
1154,0	0,05263
1155,0	0,05293
1156,0	0,05161
1157,0	0,05250
1158,0	0,05568
1159,0	0,05549
1160,0	0,05387
1161,0	0,05508
1162,0	0,05723
1163,0	0,05674
1164,0	0,05478
1165,0	0,05523
1166,0	0,05708
1167,0	0,05641
1168,0	0,05362
1169,0	0,05362
1170,0	0,05534
1171,0	0,05411
1172,0	0,04806
1173,0	0,04580
1174,0	0,04578
1175,0	0,04500
1176,0	0,04425
1177,0	0,04499
1178,0	0,04558
1179,0	0,04107
1180,0	0,03706
1181,0	0,03767
1182,0	0,03928
1183,0	0,03488
1184,0	0,02988
1185,0	0,02978
1186,0	0,03046
1187,0	0,02597
1188,0	0,02080
1189,0	0,02019
1190,0	0,02082
1191,0	0,01681
1192,0	0,01121
1193,0	0,01111
1194,0	0,01068
1195,0	0,00577
1196,0	0,00083
1197,0	-0,00049
1198,0	-0,00165
1199,0	-0,00617
1200,0	-0,01150
1201,0	-0,01317
1202,0	-0,01361
1203,0	-0,01783
1204,0	-0,02307
1205,0	-0,02423
1206,0	-0,02472
1207,0	-0,03020
1208,0	-0,03610
1209,0	-0,03686
1210,0	-0,03725
1211,0	-0,04145
1212,0	-0,04787
1213,0	-0,04905
1214,0	-0,04918
1215,0	-0,05282
1216,0	-0,05886
1217,0	-0,06091
1218,0	-0,06110
1219,0	-0,06430
1220,0	-0,06959
1221,0	-0,07194
1222,0	-0,07200
1223,0	-0,07626
1224,0	-0,08136
1225,0	-0,08305
1226,0	-0,08270
1227,0	-0,08674
1228,0	-0,09134
1229,0	-0,09258
1230,0	-0,09188
1231,0	-0,09626
1232,0	-0,10148
1233,0	-0,10248
1234,0	-0,10102
1235,0	-0,10495
1236,0	-0,10922
1237,0	-0,10933
1238,0	-0,10793
1239,0	-0,11081
1240,0	-0,11555
1241,0	-0,11645
1242,0	-0,11549
1243,0	-0,11698
1244,0	-0,12066
1245,0	-0,12095
1246,0	-0,11977
1247,0	-0,12141
1248,0	-0,12450
1249,0	-0,12467
1250,0	-0,12226
1251,0	-0,12391
1252,0	-0,12682
1253,0	-0,12619
1254,0	-0,12448
1255,0	-0,12506
1256,0	-0,12740
1257,0	-0,12675
1258,0	-0,12440
1259,0	-0,12504
1260,0	-0,12704
1261,0	-0,12609
1262,0	-0,12291
1263,0	-0,12244
1264,0	-0,12492
1265,0	-0,12383
1266,0	-0,12096
1267,0	-0,11979
1268,0	-0,12150
1269,0	-0,12692
1270,0	-0,12076
1271,0	-0,11385
1272,0	-0,11292
1273,0	-0,11367
1274,0	-0,11152
1275,0	-0,10937
1276,0	-0,10787
1277,0	-0,10662
1278,0	-0,10367
1279,0	-0,10110
1280,0	-0,09927
1281,0	-0,09864
1282,0	-0,09471
1283,0	-0,09182
1284,0	-0,09039
1285,0	-0,08905
1286,0	-0,08474
1287,0	-0,08119
1288,0	-0,07965
1289,0	-0,07754
1290,0	-0,07404
1291,0	-0,07045
1292,0	-0,06846
1293,0	-0,06753
1294,0	-0,06401
1295,0	-0,05961
1296,0	-0,05748
1297,0	-0,05504
1298,0	-0,05204
1299,0	-0,04782
1300,0	-0,04495
1301,0	-0,04239
1302,0	-0,03927
1303,0	-0,03564
1304,0	-0,03296
1305,0	-0,02954
1306,0	-0,02604
1307,0	-0,02307
1308,0	-0,02116
1309,0	-0,01828
1310,0	-0,01412
1311,0	-0,01038
1312,0	-0,00860
1313,0	-0,00541
1314,0	-0,00105
1315,0	0,00284
1316,0	0,00555
1317,0	0,00672
1318,0	0,01058
1319,0	0,01415
1320,0	0,01626
1321,0	0,01828
1322,0	0,02066
1323,0	0,02356
1324,0	0,02629
1325,0	0,02738
1326,0	0,02997
1327,0	0,03264
1328,0	0,03518
1329,0	0,03656
1330,0	0,03917
1331,0	0,04188
1332,0	0,04338
1333,0	0,04535
1334,0	0,04736
1335,0	0,04965
1336,0	0,05080
1337,0	0,05188
1338,0	0,05443
1339,0	0,05598
1340,0	0,05633
1341,0	0,05719
1342,0	0,05913
1343,0	0,06055
1344,0	0,06108
1345,0	0,06048
1346,0	0,06195
1347,0	0,06333
1348,0	0,06340
1349,0	0,06375
1350,0	0,06428
1351,0	0,06534
1352,0	0,06495
1353,0	0,06465
1354,0	0,06471
1355,0	0,06499
1356,0	0,06441
1357,0	0,06357
1358,0	0,06328
1359,0	0,06308
1360,0	0,06264
1361,0	0,06084
1362,0	0,05972
1363,0	0,05286
1364,0	0,04916
1365,0	0,04902
1366,0	0,05255
1367,0	0,05244
1368,0	0,05032
1369,0	0,04865
1370,0	0,04710
1371,0	0,04600
1372,0	0,04364
1373,0	0,04206
1374,0	0,04033
1375,0	0,03769
1376,0	0,03397
1377,0	0,03262
1378,0	0,03193
1379,0	0,02851
1380,0	0,02503
1381,0	0,02238
1382,0	0,02195
1383,0	0,01847
1384,0	0,01412
1385,0	0,01100
1386,0	0,00952
1387,0	0,00664
1388,0	0,00272
1389,0	-0,00148
1390,0	-0,00300
1391,0	-0,00504
1392,0	-0,00917
1393,0	-0,01283
1394,0	-0,01576
1395,0	-0,01803
1396,0	-0,02226
1397,0	-0,02570
1398,0	-0,02827
1399,0	-0,03098
1400,0	-0,03487
1401,0	-0,03774
1402,0	-0,03990
1403,0	-0,04281
1404,0	-0,04757
1405,0	-0,05092
1406,0	-0,05288
1407,0	-0,05578
1408,0	-0,06007
1409,0	-0,06313
1410,0	-0,06461
1411,0	-0,06705
1412,0	-0,07136
1413,0	-0,07482
1414,0	-0,07634
1415,0	-0,07846
1416,0	-0,08257
1417,0	-0,08612
1418,0	-0,08828
1419,0	-0,08966
1420,0	-0,09258
1421,0	-0,09581
1422,0	-0,09790
1423,0	-0,09935
1424,0	-0,10236
1425,0	-0,10494
1426,0	-0,10685
1427,0	-0,10871
1428,0	-0,11187
1429,0	-0,11406
1430,0	-0,11507
1431,0	-0,11628
1432,0	-0,11829
1433,0	-0,12076
1434,0	-0,12147
1435,0	-0,12253
1436,0	-0,12429
1437,0	-0,12589
1438,0	-0,12600
1439,0	-0,12583
1440,0	-0,12749
1441,0	-0,12973
1442,0	-0,12981
1443,0	-0,12900
1444,0	-0,13016
1445,0	-0,13110
1446,0	-0,13033
1447,0	-0,12956
1448,0	-0,13001
1449,0	-0,13070
1450,0	-0,13004
1451,0	-0,12996
1452,0	-0,12933
1453,0	-0,12972
1454,0	-0,12860
1455,0	-0,12750
1456,0	-0,12773
1457,0	-0,12770
1458,0	-0,12777
1459,0	-0,12286
1460,0	-0,12039
1461,0	-0,11988
1462,0	-0,11656
1463,0	-0,11432
1464,0	-0,11477
1465,0	-0,11361
1466,0	-0,10999
1467,0	-0,10735
1468,0	-0,10615
1469,0	-0,10514
1470,0	-0,10191
1471,0	-0,09809
1472,0	-0,09680
1473,0	-0,09478
1474,0	-0,09136
1475,0	-0,08783
1476,0	-0,08653
1477,0	-0,08510
1478,0	-0,08166
1479,0	-0,07786
1480,0	-0,07545
1481,0	-0,07357
1482,0	-0,06992
1483,0	-0,06622
1484,0	-0,06457
1485,0	-0,06228
1486,0	-0,05786
1487,0	-0,05420
1488,0	-0,05295
1489,0	-0,05020
1490,0	-0,04562
1491,0	-0,04185
1492,0	-0,04037
1493,0	-0,03754
1494,0	-0,03268
1495,0	-0,02807
1496,0	-0,02629
1497,0	-0,02384
1498,0	-0,01894
1499,0	-0,01429
1500,0	-0,01212
1501,0	-0,01048
1502,0	-0,00655
1503,0	-0,00276
1504,0	-0,00088
1505,0	0,00197
1506,0	0,00484
1507,0	0,00970
1508,0	0,01195
1509,0	0,01422
1510,0	0,01797
1511,0	0,02165
1512,0	0,02329
1513,0	0,02507
1514,0	0,02871
1515,0	0,03265
1516,0	0,03362
1517,0	0,03439
1518,0	0,03714
1519,0	0,04201
1520,0	0,04280
1521,0	0,04361
1522,0	0,04703
1523,0	0,05010
1524,0	0,05147
1525,0	0,05177
1526,0	0,05494
1527,0	0,05817
1528,0	0,05889
1529,0	0,05945
1530,0	0,06140
1531,0	0,06346
1532,0	0,06361
1533,0	0,06322
1534,0	0,06438
1535,0	0,06716
1536,0	0,06677
1537,0	0,06586
1538,0	0,06778
1539,0	0,06961
1540,0	0,06921
1541,0	0,06815
1542,0	0,06878
1543,0	0,06988
1544,0	0,06891
1545,0	0,06666
1546,0	0,06776
1547,0	0,06876
1548,0	0,06768
1549,0	0,06546
1550,0	0,06547
1551,0	0,06324
1552,0	0,05074
1553,0	0,05491
1554,0	0,05971
1555,0	0,05358
1556,0	0,05038
1557,0	0,05408
1558,0	0,05549
1559,0	0,04900
1560,0	0,04458
1561,0	0,04729
1562,0	0,04888
1563,0	0,04141
1564,0	0,03626
1565,0	0,03826
1566,0	0,03994
1567,0	0,03366
1568,0	0,02825
1569,0	0,02950
1570,0	0,03043
1571,0	0,02394
1572,0	0,01791
1573,0	0,01891
1574,0	0,01834
1575,0	0,01216
1576,0	0,00646
1577,0	0,00700
1578,0	0,00712
1579,0	0,00054
1580,0	-0,00540
1581,0	-0,00457
1582,0	-0,00465
1583,0	-0,01150
1584,0	-0,01755
1585,0	-0,01685
1586,0	-0,01695
1587,0	-0,02355
1588,0	-0,02983
1589,0	-0,02989
1590,0	-0,02970
1591,0	-0,03636
1592,0	-0,04282
1593,0	-0,04199
1594,0	-0,04117
1595,0	-0,04802
1596,0	-0,05460
1597,0	-0,05497
1598,0	-0,05495
1599,0	-0,05984
1600,0	-0,06675
1601,0	-0,06743
1602,0	-0,06666
1603,0	-0,07270
1604,0	-0,07898
1605,0	-0,07854
1606,0	-0,07830
1607,0	-0,08320
1608,0	-0,08914
1609,0	-0,08906
1610,0	-0,08842
1611,0	-0,09328
1612,0	-0,09836
1613,0	-0,09880
1614,0	-0,09698
1615,0	-0,10113
1616,0	-0,10648
1617,0	-0,10632
1618,0	-0,10416
1619,0	-0,10863
1620,0	-0,11309
1621,0	-0,11275
1622,0	-0,11062
1623,0	-0,11424
1624,0	-0,11899
1625,0	-0,11888
1626,0	-0,11662
1627,0	-0,11947
1628,0	-0,12351
1629,0	-0,12349
1630,0	-0,12029
1631,0	-0,12333
1632,0	-0,12656
1633,0	-0,12532
1634,0	-0,12273
1635,0	-0,12429
1636,0	-0,12795
1637,0	-0,12672
1638,0	-0,12295
1639,0	-0,12466
1640,0	-0,12776
1641,0	-0,12648
1642,0	-0,12219
1643,0	-0,12293
1644,0	-0,12629
1645,0	-0,12379
1646,0	-0,11976
1647,0	-0,12049
1648,0	-0,12274
1649,0	-0,12107
1650,0	-0,11623
1651,0	-0,11689
1652,0	-0,12217
1653,0	-0,11550
1654,0	-0,11172
1655,0	-0,11087
1656,0	-0,11037
1657,0	-0,10775
1658,0	-0,10424
1659,0	-0,10232
1660,0	-0,10162
1661,0	-0,09860
1662,0	-0,09630
1663,0	-0,09445
1664,0	-0,09176
1665,0	-0,08855
1666,0	-0,08519
1667,0	-0,08288
1668,0	-0,08048
1669,0	-0,07713
1670,0	-0,07391
1671,0	-0,07178
1672,0	-0,07026
1673,0	-0,06639
1674,0	-0,06280
1675,0	-0,06097
1676,0	-0,05934
1677,0	-0,05517
1678,0	-0,05104
1679,0	-0,04797
1680,0	-0,04537
1681,0	-0,04214
1682,0	-0,03749
1683,0	-0,03518
1684,0	-0,03216
1685,0	-0,02907
1686,0	-0,02567
1687,0	-0,02141
1688,0	-0,01948
1689,0	-0,01606
1690,0	-0,01255
1691,0	-0,00967
1692,0	-0,00700
1693,0	-0,00307
1694,0	0,00133
1695,0	0,00355
1696,0	0,00577
1697,0	0,00914
1698,0	0,01276
1699,0	0,01537
1700,0	0,01758
1701,0	0,02072
1702,0	0,02479
1703,0	0,02687
1704,0	0,02846
1705,0	0,03195
1706,0	0,03527
1707,0	0,03710
1708,0	0,03865
1709,0	0,04126
1710,0	0,04444
1711,0	0,04588
1712,0	0,04733
1713,0	0,04862
1714,0	0,05175
1715,0	0,05355
1716,0	0,05492
1717,0	0,05752
1718,0	0,05980
1719,0	0,06024
1720,0	0,06108
1721,0	0,06327
1722,0	0,06532
1723,0	0,06589
1724,0	0,06547
1725,0	0,06724
1726,0	0,06918
1727,0	0,06977
1728,0	0,06888
1729,0	0,06990
1730,0	0,07166
1731,0	0,07160
1732,0	0,06958
1733,0	0,07043
1734,0	0,07164
1735,0	0,07076
1736,0	0,06881
1737,0	0,06875
1738,0	0,06937
1739,0	0,06670
1740,0	0,05852
1741,0	0,05802
1742,0	0,06061
1743,0	0,06255
1744,0	0,06491
1745,0	0,06275
1746,0	0,05849
1747,0	0,05779
1748,0	0,05926
1749,0	0,05631
1750,0	0,05225
1751,0	0,05173
1752,0	0,05345
1753,0	0,04955
1754,0	0,04455
1755,0	0,04499
1756,0	0,04596
1757,0	0,04117
1758,0	0,03539
1759,0	0,03440
1760,0	0,03581
1761,0	0,03162
1762,0	0,02511
1763,0	0,02388
1764,0	0,02497
1765,0	0,02131
1766,0	0,01424
1767,0	0,01197
1768,0	0,01250
1769,0	0,00904
1770,0	0,00207
1771,0	-0,00020
1772,0	-0,00015
1773,0	-0,00403
1774,0	-0,01062
1775,0	-0,01326
1776,0	-0,01268
1777,0	-0,01786
1778,0	-0,02419
1779,0	-0,02633
1780,0	-0,02675
1781,0	-0,03050
1782,0	-0,03802
1783,0	-0,03960
1784,0	-0,03914
1785,0	-0,04388
1786,0	-0,05086
1787,0	-0,05284
1788,0	-0,05338
1789,0	-0,05618
1790,0	-0,06205
1791,0	-0,06588
1792,0	-0,06497
1793,0	-0,06840
1794,0	-0,07417
1795,0	-0,07770
1796,0	-0,07720
1797,0	-0,08030
1798,0	-0,08585
1799,0	-0,08853
1800,0	-0,08796
1801,0	-0,09084
1802,0	-0,09512
1803,0	-0,09743
1804,0	-0,09729
1805,0	-0,09960
1806,0	-0,10517
1807,0	-0,10713
1808,0	-0,10624
1809,0	-0,10846
1810,0	-0,11327
1811,0	-0,11501
1812,0	-0,11295
1813,0	-0,11412
1814,0	-0,11866
1815,0	-0,12041
1816,0	-0,11842
1817,0	-0,11992
1818,0	-0,12464
1819,0	-0,12571
1820,0	-0,12357
1821,0	-0,12410
1822,0	-0,12746
1823,0	-0,12903
1824,0	-0,12725
1825,0	-0,12680
1826,0	-0,13013
1827,0	-0,13163
1828,0	-0,12889
1829,0	-0,12813
1830,0	-0,13115
1831,0	-0,13153
1832,0	-0,12870
1833,0	-0,12765
1834,0	-0,12906
1835,0	-0,12887
1836,0	-0,12538
1837,0	-0,12706
1838,0	-0,13126
1839,0	-0,12293
1840,0	-0,12055
1841,0	-0,11789
1842,0	-0,11920
1843,0	-0,11878
1844,0	-0,11522
1845,0	-0,11333
1846,0	-0,11350
1847,0	-0,11262
1848,0	-0,10816
1849,0	-0,10571
1850,0	-0,10563
1851,0	-0,10363
1852,0	-0,09896
1853,0	-0,09586
1854,0	-0,09658
1855,0	-0,09489
1856,0	-0,08988
1857,0	-0,08634
1858,0	-0,08565
1859,0	-0,08443
1860,0	-0,07950
1861,0	-0,07529
1862,0	-0,07590
1863,0	-0,07310
1864,0	-0,06701
1865,0	-0,06120
1866,0	-0,06086
1867,0	-0,05860
1868,0	-0,05321
1869,0	-0,04887
1870,0	-0,04808
1871,0	-0,04709
1872,0	-0,04233
1873,0	-0,03706
1874,0	-0,03632
1875,0	-0,03399
1876,0	-0,02835
1877,0	-0,02355
1878,0	-0,02224
1879,0	-0,02090
1880,0	-0,01585
1881,0	-0,01180
1882,0	-0,01104
1883,0	-0,00879
1884,0	-0,00287
1885,0	0,00173
1886,0	0,00213
1887,0	0,00373
1888,0	0,00913
1889,0	0,01388
1890,0	0,01497
1891,0	0,01649
1892,0	0,02112
1893,0	0,02497
1894,0	0,02557
1895,0	0,02603
1896,0	0,03009
1897,0	0,03370
1898,0	0,03461
1899,0	0,03578
1900,0	0,03894
1901,0	0,04243
1902,0	0,04284
1903,0	0,04306
1904,0	0,04749
1905,0	0,05056
1906,0	0,05064
1907,0	0,05057
1908,0	0,05287
1909,0	0,05680
1910,0	0,05632
1911,0	0,05508
1912,0	0,05922
1913,0	0,06195
1914,0	0,06091
1915,0	0,05965
1916,0	0,06129
1917,0	0,06433
1918,0	0,06405
1919,0	0,06219
1920,0	0,06344
1921,0	0,06659
1922,0	0,06463
1923,0	0,06277
1924,0	0,06357
1925,0	0,06589
1926,0	0,06381
1927,0	0,06149
1928,0	0,06183
1929,0	0,06296
1930,0	0,05913
1931,0	0,04838
1932,0	0,05616
1933,0	0,05719
1934,0	0,04905
1935,0	0,05040
1936,0	0,05639
1937,0	0,05306
1938,0	0,04472
1939,0	0,04469
1940,0	0,04931
1941,0	0,04703
1942,0	0,03836
1943,0	0,03695
1944,0	0,04092
1945,0	0,03893
1946,0	0,03019
1947,0	0,02768
1948,0	0,03061
1949,0	0,02755
1950,0	0,01941
1951,0	0,01750
1952,0	0,02066
1953,0	0,01721
1954,0	0,00760
1955,0	0,00527
1956,0	0,00892
1957,0	0,00539
1958,0	-0,00385
1959,0	-0,00618
1960,0	-0,00298
1961,0	-0,00662
1962,0	-0,01648
1963,0	-0,01912
1964,0	-0,01636
1965,0	-0,01926
1966,0	-0,02870
1967,0	-0,03201
1968,0	-0,02969
1969,0	-0,03242
1970,0	-0,04076
1971,0	-0,04564
1972,0	-0,04292
1973,0	-0,04565
1974,0	-0,05412
1975,0	-0,05850
1976,0	-0,05660
1977,0	-0,05873
1978,0	-0,06750
1979,0	-0,07135
1980,0	-0,06892
1981,0	-0,07194
1982,0	-0,07964
1983,0	-0,08314
1984,0	-0,07941
1985,0	-0,08229
1986,0	-0,09053
1987,0	-0,09501
1988,0	-0,09108
1989,0	-0,09308
1990,0	-0,10166
1991,0	-0,10580
1992,0	-0,10162
1993,0	-0,10319
1994,0	-0,11115
1995,0	-0,11496
1996,0	-0,11148
1997,0	-0,11128
1998,0	-0,11821
1999,0	-0,12266
2000,0	-0,11936
2001,0	-0,11948
2002,0	-0,12538
2003,0	-0,12871
2004,0	-0,12516
2005,0	-0,12492
2006,0	-0,13082
2007,0	-0,13356
2008,0	-0,12976
2009,0	-0,12952
2010,0	-0,13457
2011,0	-0,13721
2012,0	-0,13291
2013,0	-0,13158
2014,0	-0,13655
2015,0	-0,13898
2016,0	-0,13419
2017,0	-0,13269
2018,0	-0,13783
2019,0	-0,14004
2020,0	-0,13468
2021,0	-0,13399
2022,0	-0,13805
2023,0	-0,13296
2024,0	-0,12692
2025,0	-0,12632
2026,0	-0,12966
2027,0	-0,12947
2028,0	-0,12355
2029,0	-0,12201
2030,0	-0,12445
2031,0	-0,12385
2032,0	-0,11808
2033,0	-0,11648
2034,0	-0,11878
2035,0	-0,11711
2036,0	-0,11054
2037,0	-0,10917
2038,0	-0,11071
2039,0	-0,10916
2040,0	-0,10210
2041,0	-0,09986
2042,0	-0,10174
2043,0	-0,09983
2044,0	-0,09263
2045,0	-0,08963
2046,0	-0,09226
2047,0	-0,09000
2048,0	-0,08184
2049,0	-0,07855
2050,0	-0,08040
2051,0	-0,07832
2052,0	-0,07070
2053,0	-0,06741
2054,0	-0,06802
2055,0	-0,06575
2056,0	-0,05864
2057,0	-0,05468
2058,0	-0,05552
2059,0	-0,05309
2060,0	-0,04512
2061,0	-0,04201
2062,0	-0,04207
2063,0	-0,03913
2064,0	-0,03172
2065,0	-0,02820
2066,0	-0,02955
2067,0	-0,02642
2068,0	-0,01847
2069,0	-0,01439
2070,0	-0,01559
2071,0	-0,01305
2072,0	-0,00581
2073,0	-0,00221
2074,0	-0,00303
2075,0	-0,00109
2076,0	0,00561
2077,0	0,01006
2078,0	0,00940
2079,0	0,01055
2080,0	0,01755
2081,0	0,02121
2082,0	0,02073
2083,0	0,02237
2084,0	0,02809
2085,0	0,03141
2086,0	0,03160
2087,0	0,03320
2088,0	0,03862
2089,0	0,04232
2090,0	0,04083
2091,0	0,04183
2092,0	0,04668
2093,0	0,05000
2094,0	0,04878
2095,0	0,04938
2096,0	0,05375
2097,0	0,05733
2098,0	0,05447
2099,0	0,05323
2100,0	0,05910
2101,0	0,06214
2102,0	0,06076
2103,0	0,05868
2104,0	0,06361
2105,0	0,06586
2106,0	0,06405
2107,0	0,06225
2108,0	0,06506
2109,0	0,06702
2110,0	0,06443
2111,0	0,06292
2112,0	0,06653
2113,0	0,06796
2114,0	0,06519
2115,0	0,06337
2116,0	0,06586
2117,0	0,06421
2118,0	0,06060
2119,0	0,05601
2120,0	0,05734
2121,0	0,06014
2122,0	0,05727
2123,0	0,05233
2124,0	0,05266
2125,0	0,05574
2126,0	0,05322
2127,0	0,04711
2128,0	0,04755
2129,0	0,04966
2130,0	0,04631
2131,0	0,04094
2132,0	0,03999
2133,0	0,04124
2134,0	0,03803
2135,0	0,03151
2136,0	0,03023
2137,0	0,03040
2138,0	0,02657
2139,0	0,02025
2140,0	0,01808
2141,0	0,01884
2142,0	0,01517
2143,0	0,00887
2144,0	0,00692
2145,0	0,00686
2146,0	0,00332
2147,0	-0,00353
2148,0	-0,00573
2149,0	-0,00596
2150,0	-0,01010
2151,0	-0,01694
2152,0	-0,01998
2153,0	-0,01936
2154,0	-0,02319
2155,0	-0,02978
2156,0	-0,03382
2157,0	-0,03377
2158,0	-0,03659
2159,0	-0,04332
2160,0	-0,04688
2161,0	-0,04707
2162,0	-0,05042
2163,0	-0,05684
2164,0	-0,05942
2165,0	-0,06005
2166,0	-0,06354
2167,0	-0,07032
2168,0	-0,07315
2169,0	-0,07343
2170,0	-0,07674
2171,0	-0,08236
2172,0	-0,08602
2173,0	-0,08585
2174,0	-0,08809
2175,0	-0,09464
2176,0	-0,09717
2177,0	-0,09772
2178,0	-0,10009
2179,0	-0,10509
2180,0	-0,10824
2181,0	-0,10698
2182,0	-0,10903
2183,0	-0,11410
2184,0	-0,11642
2185,0	-0,11567
2186,0	-0,11693
2187,0	-0,12167
2188,0	-0,12427
2189,0	-0,12295
2190,0	-0,12390
2191,0	-0,12910
2192,0	-0,13092
2193,0	-0,12922
2194,0	-0,13013
2195,0	-0,13390
2196,0	-0,13532
2197,0	-0,13351
2198,0	-0,13503
2199,0	-0,13833
2200,0	-0,13941
2201,0	-0,13691
2202,0	-0,13728
2203,0	-0,14041
2204,0	-0,14133
2205,0	-0,13877
2206,0	-0,13804
2207,0	-0,14033
2208,0	-0,14144
2209,0	-0,13854
2210,0	-0,14284
2211,0	-0,14031
2212,0	-0,13609
2213,0	-0,13159
2214,0	-0,12861
2215,0	-0,13132
2216,0	-0,13172
2217,0	-0,12719
2218,0	-0,12367
2219,0	-0,12638
2220,0	-0,12615
2221,0	-0,12141
2222,0	-0,11837
2223,0	-0,11992
2224,0	-0,12013
2225,0	-0,11354
2226,0	-0,11078
2227,0	-0,11205
2228,0	-0,11118
2229,0	-0,10583
2230,0	-0,10184
2231,0	-0,10356
2232,0	-0,10280
2233,0	-0,09596
2234,0	-0,09235
2235,0	-0,09388
2236,0	-0,09255
2237,0	-0,08608
2238,0	-0,08098
2239,0	-0,08216
2240,0	-0,08038
2241,0	-0,07447
2242,0	-0,06887
2243,0	-0,06932
2244,0	-0,06769
2245,0	-0,06143
2246,0	-0,05625
2247,0	-0,05622
2248,0	-0,05520
2249,0	-0,04850
2250,0	-0,04282
2251,0	-0,04266
2252,0	-0,04133
2253,0	-0,03493
2254,0	-0,03017
2255,0	-0,02968
2256,0	-0,02815
2257,0	-0,02212
2258,0	-0,01771
2259,0	-0,01687
2260,0	-0,01612
2261,0	-0,01000
2262,0	-0,00388
2263,0	-0,00432
2264,0	-0,00373
2265,0	0,00220
2266,0	0,00879
2267,0	0,00887
2268,0	0,00915
2269,0	0,01386
2270,0	0,01798
2271,0	0,01886
2272,0	0,01887
2273,0	0,02409
2274,0	0,02870
2275,0	0,02878
2276,0	0,02971
2277,0	0,03396
2278,0	0,03803
2279,0	0,03800
2280,0	0,03741
2281,0	0,04186
2282,0	0,04592
2283,0	0,04572
2284,0	0,04517
2285,0	0,04933
2286,0	0,05296
2287,0	0,05115
2288,0	0,05025
2289,0	0,05384
2290,0	0,05758
2291,0	0,05580
2292,0	0,05432
2293,0	0,05718
2294,0	0,06103
2295,0	0,05937
2296,0	0,05711
2297,0	0,05989
2298,0	0,06211
2299,0	0,06032
2300,0	0,05738
2301,0	0,05046
2302,0	0,05099
2303,0	0,05893
2304,0	0,05696
2305,0	0,05546
2306,0	0,05740
2307,0	0,05515
2308,0	0,05392
2309,0	0,05306
2310,0	0,05463
2311,0	0,05171
2312,0	0,04820
2313,0	0,04795
2314,0	0,04893
2315,0	0,04535
2316,0	0,04117
2317,0	0,04014
2318,0	0,04118
2319,0	0,03875
2320,0	0,03374
2321,0	0,03199
2322,0	0,03316
2323,0	0,03001
2324,0	0,02442
2325,0	0,02150
2326,0	0,02192
2327,0	0,01942
2328,0	0,01391
2329,0	0,01082
2330,0	0,01023
2331,0	0,00706
2332,0	0,00160
2333,0	-0,00074
2334,0	-0,00117
2335,0	-0,00402
2336,0	-0,00931
2337,0	-0,01175
2338,0	-0,01251
2339,0	-0,01633
2340,0	-0,02236
2341,0	-0,02435
2342,0	-0,02447
2343,0	-0,02808
2344,0	-0,03385
2345,0	-0,03776
2346,0	-0,03735
2347,0	-0,04010
2348,0	-0,04645
2349,0	-0,04960
2350,0	-0,05018
2351,0	-0,05283
2352,0	-0,05879
2353,0	-0,06215
2354,0	-0,06273
2355,0	-0,06517
2356,0	-0,06948
2357,0	-0,07354
2358,0	-0,07343
2359,0	-0,07668
2360,0	-0,08141
2361,0	-0,08370
2362,0	-0,08344
2363,0	-0,08634
2364,0	-0,09129
2365,0	-0,09351
2366,0	-0,09389
2367,0	-0,09593
2368,0	-0,10056
2369,0	-0,10253
2370,0	-0,10215
2371,0	-0,10324
2372,0	-0,10767
2373,0	-0,11051
2374,0	-0,10876
2375,0	-0,10961
2376,0	-0,11376
2377,0	-0,11669
2378,0	-0,11503
2379,0	-0,11597
2380,0	-0,11939
2381,0	-0,12127
2382,0	-0,12069
2383,0	-0,12111
2384,0	-0,12281
2385,0	-0,12419
2386,0	-0,12340
2387,0	-0,12348
2388,0	-0,12550
2389,0	-0,12607
2390,0	-0,12415
2391,0	-0,12332
2392,0	-0,12557
2393,0	-0,12558
2394,0	-0,12393
2395,0	-0,12379
2396,0	-0,12503
2397,0	-0,12518
2398,0	-0,12291
2399,0	-0,12184
2400,0	-0,12290
2401,0	-0,12374
2402,0	-0,12751
2403,0	-0,12191
2404,0	-0,11807
2405,0	-0,11744
2406,0	-0,11518
2407,0	-0,11269
2408,0	-0,11147
2409,0	-0,11087
2410,0	-0,10838
2411,0	-0,10408
2412,0	-0,10286
2413,0	-0,10196
2414,0	-0,09894
2415,0	-0,09597
2416,0	-0,09418
2417,0	-0,09213
2418,0	-0,08997
2419,0	-0,08715
2420,0	-0,08504
2421,0	-0,08245
2422,0	-0,07956
2423,0	-0,07602
2424,0	-0,07386
2425,0	-0,07227
2426,0	-0,06915
2427,0	-0,06479
2428,0	-0,06255
2429,0	-0,06222
2430,0	-0,05860
2431,0	-0,05391
2432,0	-0,05223
2433,0	-0,05066
2434,0	-0,04739
2435,0	-0,04301
2436,0	-0,04016
2437,0	-0,03689
2438,0	-0,03347
2439,0	-0,02969
2440,0	-0,02629
2441,0	-0,02332
2442,0	-0,02122
2443,0	-0,01800
2444,0	-0,01560
2445,0	-0,01205
2446,0	-0,00897
2447,0	-0,00613
2448,0	-0,00300
2449,0	-0,00083
2450,0	0,00361
2451,0	0,00633
2452,0	0,00906
2453,0	0,01104
2454,0	0,01409
2455,0	0,01612
2456,0	0,01871
2457,0	0,02087
2458,0	0,02238
2459,0	0,02556
2460,0	0,02788
2461,0	0,02876
2462,0	0,03130
2463,0	0,03457
2464,0	0,03710
2465,0	0,03774
2466,0	0,03991
2467,0	0,04262
2468,0	0,04380
2469,0	0,04454
2470,0	0,04632
2471,0	0,04785
2472,0	0,04921
2473,0	0,05000
2474,0	0,05103
2475,0	0,05356
2476,0	0,05283
2477,0	0,05382
2478,0	0,05468
2479,0	0,05622
2480,0	0,05568
2481,0	0,05654
2482,0	0,05695
2483,0	0,05717
2484,0	0,05756
2485,0	0,05559
2486,0	0,04671
2487,0	0,04721
2488,0	0,05787
2489,0	0,05561
2490,0	0,04925
2491,0	0,05305
2492,0	0,05703
2493,0	0,05160
2494,0	0,04668
2495,0	0,04956
2496,0	0,05200
2497,0	0,04729
2498,0	0,04166
2499,0	0,04300
2500,0	0,04578
2501,0	0,04111
2502,0	0,03452
2503,0	0,03656
2504,0	0,03978
2505,0	0,03441
2506,0	0,02815
2507,0	0,02874
2508,0	0,03214
2509,0	0,02695
2510,0	0,02055
2511,0	0,01962
2512,0	0,02275
2513,0	0,01657
2514,0	0,01044
2515,0	0,01111
2516,0	0,01305
2517,0	0,00713
2518,0	-0,00017
2519,0	0,00039
2520,0	0,00210
2521,0	-0,00215
2522,0	-0,00995
2523,0	-0,01047
2524,0	-0,00828
2525,0	-0,01367
2526,0	-0,02129
2527,0	-0,02251
2528,0	-0,02059
2529,0	-0,02487
2530,0	-0,03267
2531,0	-0,03415
2532,0	-0,03259
2533,0	-0,03560
2534,0	-0,04374
2535,0	-0,04460
2536,0	-0,04212
2537,0	-0,04664
2538,0	-0,05459
2539,0	-0,05542
2540,0	-0,05276
2541,0	-0,05766
2542,0	-0,06604
2543,0	-0,06732
2544,0	-0,06551
2545,0	-0,06903
2546,0	-0,07651
2547,0	-0,07746
2548,0	-0,07493
2549,0	-0,07769
2550,0	-0,08512
2551,0	-0,08617
2552,0	-0,08260
2553,0	-0,08584
2554,0	-0,09295
2555,0	-0,09410
2556,0	-0,09004
2557,0	-0,09319
2558,0	-0,09915
2559,0	-0,09992
2560,0	-0,09621
2561,0	-0,09923
2562,0	-0,10544
2563,0	-0,10533
2564,0	-0,10204
2565,0	-0,10400
2566,0	-0,10999
2567,0	-0,11001
2568,0	-0,10662
2569,0	-0,10777
2570,0	-0,11269
2571,0	-0,11263
2572,0	-0,10860
2573,0	-0,11008
2574,0	-0,11525
2575,0	-0,11585
2576,0	-0,11161
2577,0	-0,11166
2578,0	-0,11519
2579,0	-0,11617
2580,0	-0,11161
2581,0	-0,11089
2582,0	-0,11592
2583,0	-0,11525
2584,0	-0,11021
2585,0	-0,10911
2586,0	-0,11351
2587,0	-0,11782
2588,0	-0,10842
2589,0	-0,10601
2590,0	-0,10880
2591,0	-0,10605
2592,0	-0,09776
2593,0	-0,09742
2594,0	-0,10410
2595,0	-0,10171
2596,0	-0,09364
2597,0	-0,09365
2598,0	-0,09783
2599,0	-0,09452
2600,0	-0,08756
2601,0	-0,08744
2602,0	-0,09168
2603,0	-0,08777
2604,0	-0,07980
2605,0	-0,07989
2606,0	-0,08323
2607,0	-0,08073
2608,0	-0,07030
2609,0	-0,07021
2610,0	-0,07488
2611,0	-0,07077
2612,0	-0,06123
2613,0	-0,05942
2614,0	-0,06392
2615,0	-0,06057
2616,0	-0,05193
2617,0	-0,04836
2618,0	-0,05203
2619,0	-0,04950
2620,0	-0,04081
2621,0	-0,03784
2622,0	-0,04177
2623,0	-0,03851
2624,0	-0,03061
2625,0	-0,02751
2626,0	-0,03135
2627,0	-0,02798
2628,0	-0,02034
2629,0	-0,01725
2630,0	-0,02056
2631,0	-0,01786
2632,0	-0,00970
2633,0	-0,00673
2634,0	-0,01123
2635,0	-0,00836
2636,0	0,00136
2637,0	0,00344
2638,0	-0,00042
2639,0	0,00126
2640,0	0,00989
2641,0	0,01292
2642,0	0,00842
2643,0	0,01130
2644,0	0,01855
2645,0	0,02169
2646,0	0,01801
2647,0	0,01819
2648,0	0,02547
2649,0	0,02915
2650,0	0,02473
2651,0	0,02615
2652,0	0,03262
2653,0	0,03534
2654,0	0,03201
2655,0	0,03243
2656,0	0,03819
2657,0	0,04004
2658,0	0,03560
2659,0	0,03665
2660,0	0,04210
2661,0	0,04365
2662,0	0,03919
2663,0	0,03854
2664,0	0,04390
2665,0	0,04733
2666,0	0,04256
2667,0	0,04045
2668,0	0,04567
2669,0	0,04931
2670,0	0,04451
2671,0	0,04157
2672,0	0,04257
2673,0	0,04365
2674,0	0,03732
2675,0	0,03738
2676,0	0,04439
2677,0	0,04782
2678,0	0,04062
2679,0	0,03636
2680,0	0,04209
2681,0	0,04474
2682,0	0,03729
2683,0	0,03290
2684,0	0,03828
2685,0	0,04009
2686,0	0,03245
2687,0	0,02822
2688,0	0,03275
2689,0	0,03395
2690,0	0,02573
2691,0	0,02016
2692,0	0,02444
2693,0	0,02588
2694,0	0,01803
2695,0	0,01195
2696,0	0,01647
2697,0	0,01836
2698,0	0,01043
2699,0	0,00412
2700,0	0,00795
2701,0	0,00906
2702,0	0,00226
2703,0	-0,00563
2704,0	-0,00334
2705,0	-0,00203
2706,0	-0,00991
2707,0	-0,01654
2708,0	-0,01527
2709,0	-0,01347
2710,0	-0,02071
2711,0	-0,02811
2712,0	-0,02635
2713,0	-0,02396
2714,0	-0,03239
2715,0	-0,03847
2716,0	-0,03637
2717,0	-0,03517
2718,0	-0,04171
2719,0	-0,04910
2720,0	-0,04707
2721,0	-0,04611
2722,0	-0,05329
2723,0	-0,06086
2724,0	-0,05961
2725,0	-0,05610
2726,0	-0,06319
2727,0	-0,07060
2728,0	-0,06919
2729,0	-0,06725
2730,0	-0,07370
2731,0	-0,08110
2732,0	-0,07907
2733,0	-0,07613
2734,0	-0,08343
2735,0	-0,08935
2736,0	-0,08785
2737,0	-0,08571
2738,0	-0,09075
2739,0	-0,09701
2740,0	-0,09613
2741,0	-0,09353
2742,0	-0,09875
2743,0	-0,10507
2744,0	-0,10343
2745,0	-0,09986
2746,0	-0,10509
2747,0	-0,11088
2748,0	-0,10974
2749,0	-0,10534
2750,0	-0,10899
2751,0	-0,11618
2752,0	-0,11399
2753,0	-0,11069
2754,0	-0,11368
2755,0	-0,11902
2756,0	-0,11733
2757,0	-0,11278
2758,0	-0,11662
2759,0	-0,12799
2760,0	-0,12106
2761,0	-0,11199
2762,0	-0,11545
2763,0	-0,11869
2764,0	-0,11656
2765,0	-0,11368
2766,0	-0,11514
2767,0	-0,11834
2768,0	-0,11561
2769,0	-0,11166
2770,0	-0,11353
2771,0	-0,11623
2772,0	-0,11271
2773,0	-0,10858
2774,0	-0,11029
2775,0	-0,11238
2776,0	-0,10813
2777,0	-0,10326
2778,0	-0,10458
2779,0	-0,10608
2780,0	-0,10195
2781,0	-0,09697
2782,0	-0,09779
2783,0	-0,09889
2784,0	-0,09536
2785,0	-0,09054
2786,0	-0,08954
2787,0	-0,09105
2788,0	-0,08660
2789,0	-0,08171
2790,0	-0,08112
2791,0	-0,08181
2792,0	-0,07775
2793,0	-0,07216
2794,0	-0,07191
2795,0	-0,07161
2796,0	-0,06721
2797,0	-0,06237
2798,0	-0,06076
2799,0	-0,06155
2800,0	-0,05758
2801,0	-0,05133
2802,0	-0,04998
2803,0	-0,04975
2804,0	-0,04553
2805,0	-0,03915
2806,0	-0,03745
2807,0	-0,03896
2808,0	-0,03372
2809,0	-0,02846
2810,0	-0,02704
2811,0	-0,02767
2812,0	-0,02283
2813,0	-0,01689
2814,0	-0,01552
2815,0	-0,01598
2816,0	-0,01278
2817,0	-0,00743
2818,0	-0,00550
2819,0	-0,00631
2820,0	-0,00218
2821,0	0,00351
2822,0	0,00490
2823,0	0,00363
2824,0	0,00768
2825,0	0,01243
2826,0	0,01403
2827,0	0,01326
2828,0	0,01556
2829,0	0,02228
2830,0	0,02289
2831,0	0,02124
2832,0	0,02442
2833,0	0,03040
2834,0	0,03081
2835,0	0,02946
2836,0	0,03180
2837,0	0,03715
2838,0	0,03826
2839,0	0,03628
2840,0	0,03769
2841,0	0,04185
2842,0	0,04351
2843,0	0,04158
2844,0	0,04316
2845,0	0,04687
2846,0	0,04826
2847,0	0,04617
2848,0	0,04694
2849,0	0,05057
2850,0	0,05041
2851,0	0,04792
2852,0	0,04788
2853,0	0,05235
2854,0	0,05188
2855,0	0,04502
2856,0	0,04799
2857,0	0,05174
2858,0	0,05223
2859,0	0,04951
2860,0	0,05036
2861,0	0,04999
2862,0	0,04875
2863,0	0,04752
2864,0	0,04814
2865,0	0,04676
2866,0	0,04583
2867,0	0,04310
2868,0	0,04326
2869,0	0,04340
2870,0	0,04088
2871,0	0,03839
2872,0	0,03731
2873,0	0,03721
2874,0	0,03492
2875,0	0,03279
2876,0	0,03156
2877,0	0,03033
2878,0	0,02793
2879,0	0,02441
2880,0	0,02397
2881,0	0,02264
2882,0	0,02058
2883,0	0,01648
2884,0	0,01530
2885,0	0,01440
2886,0	0,01208
2887,0	0,00861
2888,0	0,00612
2889,0	0,00423
2890,0	0,00169
2891,0	-0,00206
2892,0	-0,00442
2893,0	-0,00609
2894,0	-0,00870
2895,0	-0,01271
2896,0	-0,01624
2897,0	-0,01634
2898,0	-0,01970
2899,0	-0,02399
2900,0	-0,02575
2901,0	-0,02678
2902,0	-0,02982
2903,0	-0,03339
2904,0	-0,03552
2905,0	-0,03679
2906,0	-0,03974
2907,0	-0,04338
2908,0	-0,04541
2909,0	-0,04765
2910,0	-0,05026
2911,0	-0,05289
2912,0	-0,05512
2913,0	-0,05682
2914,0	-0,05926
2915,0	-0,06195
2916,0	-0,06374
2917,0	-0,06459
2918,0	-0,06701
2919,0	-0,06903
2920,0	-0,07153
2921,0	-0,07186
2922,0	-0,07370
2923,0	-0,07673
2924,0	-0,07898
2925,0	-0,08001
2926,0	-0,08140
2927,0	-0,08376
2928,0	-0,08519
2929,0	-0,08573
2930,0	-0,08776
2931,0	-0,08909
2932,0	-0,09081
2933,0	-0,09135
2934,0	-0,09235
2935,0	-0,09336
2936,0	-0,09452
2937,0	-0,09495
2938,0	-0,09550
2939,0	-0,09656
2940,0	-0,09780
2941,0	-0,09777
2942,0	-0,09874
2943,0	-0,09944
2944,0	-0,09895
2945,0	-0,09849
2946,0	-0,09913
2947,0	-0,10050
2948,0	-0,10105
2949,0	-0,10022
2950,0	-0,10008
2951,0	-0,10061
2952,0	-0,09989
2953,0	-0,09845
2954,0	-0,09791
2955,0	-0,09831
2956,0	-0,09791
2957,0	-0,09601
2958,0	-0,09533
2959,0	-0,09486
2960,0	-0,09369
2961,0	-0,09218
2962,0	-0,09095
2963,0	-0,09097
2964,0	-0,08929
2965,0	-0,08665
2966,0	-0,08551
2967,0	-0,08516
2968,0	-0,08316
2969,0	-0,08121
2970,0	-0,07974
2971,0	-0,07899
2972,0	-0,07729
2973,0	-0,07495
2974,0	-0,07248
2975,0	-0,07087
2976,0	-0,06946
2977,0	-0,06654
2978,0	-0,06446
2979,0	-0,06336
2980,0	-0,06147
2981,0	-0,05944
2982,0	-0,05621
2983,0	-0,05465
2984,0	-0,05204
2985,0	-0,04994
2986,0	-0,04725
2987,0	-0,04530
2988,0	-0,04368
2989,0	-0,04026
2990,0	-0,03760
2991,0	-0,03557
2992,0	-0,03227
2993,0	-0,02981
2994,0	-0,02642
2995,0	-0,02505
2996,0	-0,02262
2997,0	-0,01987
2998,0	-0,01852
2999,0	-0,01588
3000,0	-0,01410
3001,0	-0,01074
3002,0	-0,00709
3003,0	-0,00434
3004,0	-0,00233
3005,0	0,00164
3006,0	0,00455
3007,0	0,00652
3008,0	0,00827
3009,0	0,01090
3010,0	0,01272
3011,0	0,01431
3012,0	0,01709
3013,0	0,01934
3014,0	0,02248
3015,0	0,02401
3016,0	0,02542
3017,0	0,02745
3018,0	0,02976
3019,0	0,03210
3020,0	0,03382
3021,0	0,03592
3022,0	0,03853
3023,0	0,04001
3024,0	0,04135
3025,0	0,04433
3026,0	0,04636
3027,0	0,04729
3028,0	0,04843
3029,0	0,05045
3030,0	0,05229
3031,0	0,05370
3032,0	0,05448
3033,0	0,05669
3034,0	0,05742
3035,0	0,05837
3036,0	0,05909
3037,0	0,06094
3038,0	0,06232
3039,0	0,06331
3040,0	0,06331
3041,0	0,06519
3042,0	0,06561
3043,0	0,06701
3044,0	0,06698
3045,0	0,06808
3046,0	0,06836
3047,0	0,06821
3048,0	0,06796
3049,0	0,06817
3050,0	0,06978
3051,0	0,06855
3052,0	0,06954
3053,0	0,06996
3054,0	0,06922
3055,0	0,06916
3056,0	0,06807
3057,0	0,06838
3058,0	0,06803
3059,0	0,06639
3060,0	0,06600
3061,0	0,06674
3062,0	0,06594
3063,0	0,06535
3064,0	0,06221
3065,0	0,06303
3066,0	0,06120
3067,0	0,05961
3068,0	0,05747
3069,0	0,05720
3070,0	0,05694
3071,0	0,05453
3072,0	0,05341
3073,0	0,05229
3074,0	0,05102
3075,0	0,04919
3076,0	0,04787
3077,0	0,04657
3078,0	0,04537
3079,0	0,04385
3080,0	0,04070
3081,0	0,03904
3082,0	0,03771
3083,0	0,03556
3084,0	0,03286
3085,0	0,03117
3086,0	0,02972
3087,0	0,02744
3088,0	0,02534
3089,0	0,02295
3090,0	0,02215
3091,0	0,01939
3092,0	0,01632
3093,0	0,01502
3094,0	0,01315
3095,0	0,01159
3096,0	0,00912
3097,0	0,00704
3098,0	0,00524
3099,0	0,00280
3100,0	-0,00021
3101,0	-0,00287
3102,0	-0,00484
3103,0	-0,00833
3104,0	-0,01129
3105,0	-0,01302
3106,0	-0,01454
3107,0	-0,01755
3108,0	-0,01951
3109,0	-0,02291
3110,0	-0,02389
3111,0	-0,02508
3112,0	-0,02756
3113,0	-0,02961
3114,0	-0,03197
3115,0	-0,03390
3116,0	-0,03641
3117,0	-0,03994
3118,0	-0,04097
3119,0	-0,04323
3120,0	-0,04618
3121,0	-0,04822
3122,0	-0,04913
3123,0	-0,04997
3124,0	-0,05236
3125,0	-0,05344
3126,0	-0,05537
3127,0	-0,05674
3128,0	-0,05988
3129,0	-0,06161
3130,0	-0,06277
3131,0	-0,06408
3132,0	-0,06553
3133,0	-0,06613
3134,0	-0,06702
3135,0	-0,06862
3136,0	-0,06991
3137,0	-0,07071
3138,0	-0,07184
3139,0	-0,07238
3140,0	-0,07377
3141,0	-0,07455
3142,0	-0,07506
3143,0	-0,07524
3144,0	-0,07664
3145,0	-0,07720
3146,0	-0,07721
3147,0	-0,07788
3148,0	-0,07871
3149,0	-0,07880
3150,0	-0,07919
3151,0	-0,07919
3152,0	-0,08033
3153,0	-0,07996
3154,0	-0,08005
3155,0	-0,08000
3156,0	-0,07994
3157,0	-0,07977
3158,0	-0,08019
3159,0	-0,08033
3160,0	-0,07945
3161,0	-0,07968
3162,0	-0,07903
3163,0	-0,07908
3164,0	-0,07796
3165,0	-0,07775
3166,0	-0,07709
3167,0	-0,07609
3168,0	-0,07498
3169,0	-0,07515
3170,0	-0,07409
3171,0	-0,07409
3172,0	-0,07245
3173,0	-0,07142
3174,0	-0,06935
3175,0	-0,06875
3176,0	-0,06768
3177,0	-0,06645
3178,0	-0,06573
3179,0	-0,06497
3180,0	-0,06301
3181,0	-0,06143
3182,0	-0,05998
3183,0	-0,05755
3184,0	-0,05655
3185,0	-0,05499
3186,0	-0,05337
3187,0	-0,05183
3188,0	-0,05032
3189,0	-0,04884
3190,0	-0,04620
3191,0	-0,04434
3192,0	-0,04321
3193,0	-0,04053
3194,0	-0,03793
3195,0	-0,03664
3196,0	-0,03561
3197,0	-0,03209
3198,0	-0,03027
3199,0	-0,02817
3200,0	-0,02636
3201,0	-0,02589
3202,0	-0,02323
3203,0	-0,02064
3204,0	-0,01982
3205,0	-0,01824
3206,0	-0,01583
3207,0	-0,01313
3208,0	-0,01143
3209,0	-0,01008
3210,0	-0,00736
3211,0	-0,00482
3212,0	-0,00293
3213,0	0,00021
3214,0	0,00332
3215,0	0,00575
3216,0	0,00712
3217,0	0,00822
3218,0	0,00979
3219,0	0,01169
3220,0	0,01262
3221,0	0,01414
3222,0	0,01574
3223,0	0,01703
3224,0	0,01859
3225,0	0,02008
3226,0	0,02233
3227,0	0,02383
3228,0	0,02496
3229,0	0,02613
3230,0	0,02794
3231,0	0,02940
3232,0	0,03052
3233,0	0,03098
3234,0	0,03279
3235,0	0,03513
3236,0	0,03606
3237,0	0,03693
3238,0	0,03878
3239,0	0,04015
3240,0	0,04085
3241,0	0,04145
3242,0	0,04310
3243,0	0,04429
3244,0	0,04522
3245,0	0,04564
3246,0	0,04625
3247,0	0,04725
3248,0	0,04700
3249,0	0,04749
3250,0	0,04730
3251,0	0,04797
3252,0	0,04832
3253,0	0,04885
3254,0	0,04928
3255,0	0,04954
3256,0	0,04931
3257,0	0,04919
3258,0	0,04990
3259,0	0,04995
3260,0	0,04961
3261,0	0,04932
3262,0	0,04924
3263,0	0,04875
3264,0	0,04853
3265,0	0,04741
3266,0	0,04691
3267,0	0,04608
3268,0	0,04533
3269,0	0,04481
3270,0	0,04423
3271,0	0,04336
3272,0	0,04294
3273,0	0,04243
3274,0	0,04149
3275,0	0,03956
3276,0	0,03823
3277,0	0,03708
3278,0	0,03609
3279,0	0,03424
3280,0	0,03297
3281,0	0,03153
3282,0	0,03106
3283,0	0,02949
3284,0	0,02795
3285,0	0,02570
3286,0	0,02560
3287,0	0,02366
3288,0	0,02338
3289,0	0,02217
3290,0	0,02070
3291,0	0,01856
3292,0	0,01713
3293,0	0,01587
3294,0	0,01442
3295,0	0,01330
3296,0	0,01104
3297,0	0,00964
3298,0	0,00811
3299,0	0,00660
3300,0	0,00529
3301,0	0,00298
3302,0	0,00157
3303,0	-0,00113
3304,0	-0,00303
3305,0	-0,00604
3306,0	-0,00792
3307,0	-0,00996
3308,0	-0,01252
3309,0	-0,01386
3310,0	-0,01530
3311,0	-0,01784
3312,0	-0,01929
3313,0	-0,02109
3314,0	-0,02231
3315,0	-0,02391
3316,0	-0,02576
3317,0	-0,02776
3318,0	-0,02757
3319,0	-0,02898
3320,0	-0,03225
3321,0	-0,03368
3322,0	-0,03578
3323,0	-0,03693
3324,0	-0,03900
3325,0	-0,04130
3326,0	-0,04320
3327,0	-0,04562
3328,0	-0,04741
3329,0	-0,04773
3330,0	-0,04900
3331,0	-0,05134
3332,0	-0,05173
3333,0	-0,05232
3334,0	-0,05420
3335,0	-0,05523
3336,0	-0,05641
3337,0	-0,05802
3338,0	-0,05884
3339,0	-0,05996
3340,0	-0,06176
3341,0	-0,06239
3342,0	-0,06309
3343,0	-0,06469
3344,0	-0,06483
3345,0	-0,06538
3346,0	-0,06536
3347,0	-0,06528
3348,0	-0,06620
3349,0	-0,06607
3350,0	-0,06785
3351,0	-0,06714
3352,0	-0,06784
3353,0	-0,06921
3354,0	-0,06841
3355,0	-0,06983
3356,0	-0,06932
3357,0	-0,07000
3358,0	-0,06964
3359,0	-0,07016
3360,0	-0,07011
3361,0	-0,07019
3362,0	-0,06888
3363,0	-0,06926
3364,0	-0,06954
3365,0	-0,06939
3366,0	-0,06945
3367,0	-0,06821
3368,0	-0,06777
3369,0	-0,06716
3370,0	-0,06681
3371,0	-0,06630
3372,0	-0,06594
3373,0	-0,06516
3374,0	-0,06496
3375,0	-0,06413
3376,0	-0,06463
3377,0	-0,06389
3378,0	-0,06223
3379,0	-0,06173
3380,0	-0,06126
3381,0	-0,06020
3382,0	-0,05857
3383,0	-0,05673
3384,0	-0,05728
3385,0	-0,05620
3386,0	-0,05397
3387,0	-0,05362
3388,0	-0,05225
3389,0	-0,05046
3390,0	-0,04982
3391,0	-0,04871
3392,0	-0,04771
3393,0	-0,04780
3394,0	-0,04510
3395,0	-0,04337
3396,0	-0,04229
3397,0	-0,04020
3398,0	-0,03921
3399,0	-0,03723
3400,0	-0,03594
3401,0	-0,03410
3402,0	-0,03244
3403,0	-0,03051
3404,0	-0,02918
3405,0	-0,02804
3406,0	-0,02641
3407,0	-0,02541
3408,0	-0,02524
3409,0	-0,02209
3410,0	-0,02024
3411,0	-0,01970
3412,0	-0,01775
3413,0	-0,01648
3414,0	-0,01525
3415,0	-0,01318
3416,0	-0,01172
3417,0	-0,00936
3418,0	-0,00791
3419,0	-0,00595
3420,0	-0,00425
3421,0	-0,00281
3422,0	-0,00118
3423,0	0,00110
3424,0	0,00296
3425,0	0,00396
3426,0	0,00537
3427,0	0,00697
3428,0	0,00807
3429,0	0,00899
3430,0	0,00980
3431,0	0,01083
3432,0	0,01337
3433,0	0,01394
3434,0	0,01610
3435,0	0,01716
3436,0	0,01761
3437,0	0,01778
3438,0	0,01795
3439,0	0,01951
3440,0	0,02090
3441,0	0,02161
3442,0	0,02258
3443,0	0,02414
3444,0	0,02411
3445,0	0,02414
3446,0	0,02491
3447,0	0,02680
3448,0	0,02840
3449,0	0,02720
3450,0	0,02783
3451,0	0,02926
3452,0	0,02986
3453,0	0,02865
3454,0	0,02905
3455,0	0,03022
3456,0	0,03131
3457,0	0,03139
3458,0	0,03048
3459,0	0,03283
3460,0	0,03235
3461,0	0,03149
3462,0	0,03195
3463,0	0,03224
3464,0	0,03237
3465,0	0,03290
3466,0	0,03144
3467,0	0,03169
3468,0	0,03174
3469,0	0,03106
3470,0	0,03151
3471,0	0,03125
3472,0	0,03062
3473,0	0,03083
3474,0	0,02954
3475,0	0,02974
3476,0	0,02962
3477,0	0,02805
3478,0	0,02723
3479,0	0,02766
3480,0	0,02652
3481,0	0,02545
3482,0	0,02469
3483,0	0,02493
3484,0	0,02397
3485,0	0,02266
3486,0	0,02166
3487,0	0,02083
3488,0	0,02056
3489,0	0,01885
3490,0	0,01806
3491,0	0,01765
3492,0	0,01634
3493,0	0,01455
3494,0	0,01347
3495,0	0,01268
3496,0	0,01211
3497,0	0,01068
3498,0	0,00953
3499,0	0,00909
3500,0	0,00754
3501,0	0,00565
3502,0	0,00500
3503,0	0,00440
3504,0	0,00401
3505,0	0,00092
3506,0	-0,00086
3507,0	-0,00207
3508,0	-0,00327
3509,0	-0,00709
3510,0	-0,00817
3511,0	-0,00824
3512,0	-0,01088
3513,0	-0,01227
3514,0	-0,01393
3515,0	-0,01466
3516,0	-0,01611
3517,0	-0,01805
3518,0	-0,01947
3519,0	-0,02023
3520,0	-0,02147
3521,0	-0,02245
3522,0	-0,02397
3523,0	-0,02541
3524,0	-0,02538
3525,0	-0,02754
3526,0	-0,02842
3527,0	-0,02923
3528,0	-0,03061
3529,0	-0,03327
3530,0	-0,03416
3531,0	-0,03521
3532,0	-0,03685
3533,0	-0,03814
3534,0	-0,04025
3535,0	-0,04152
3536,0	-0,04286
3537,0	-0,04428
3538,0	-0,04469
3539,0	-0,04526
3540,0	-0,04626
3541,0	-0,04835
3542,0	-0,04877
3543,0	-0,04911
3544,0	-0,05047
3545,0	-0,05180
3546,0	-0,05151
3547,0	-0,05199
3548,0	-0,05259
3549,0	-0,05399
3550,0	-0,05386
3551,0	-0,05429
3552,0	-0,05514
3553,0	-0,05610
3554,0	-0,05681
3555,0	-0,05735
3556,0	-0,05712
3557,0	-0,05819
3558,0	-0,05948
3559,0	-0,05853
3560,0	-0,05838
3561,0	-0,05934
3562,0	-0,05892
3563,0	-0,05887
3564,0	-0,05904
3565,0	-0,05935
3566,0	-0,05952
3567,0	-0,05939
3568,0	-0,05818
3569,0	-0,05832
3570,0	-0,05806
3571,0	-0,05845
3572,0	-0,05825
3573,0	-0,05749
3574,0	-0,05762
3575,0	-0,05675
3576,0	-0,05659
3577,0	-0,05673
3578,0	-0,05608
3579,0	-0,05603
3580,0	-0,05527
3581,0	-0,05536
3582,0	-0,05465
3583,0	-0,05350
3584,0	-0,05321
3585,0	-0,05169
3586,0	-0,05208
3587,0	-0,05076
3588,0	-0,04926
3589,0	-0,04924
3590,0	-0,04875
3591,0	-0,04797
3592,0	-0,04730
3593,0	-0,04643
3594,0	-0,04603
3595,0	-0,04486
3596,0	-0,04349
3597,0	-0,04257
3598,0	-0,04161
3599,0	-0,03982
3600,0	-0,03831
3601,0	-0,03691
3602,0	-0,03630
3603,0	-0,03551
3604,0	-0,03324
3605,0	-0,03265
3606,0	-0,03160
3607,0	-0,02899
3608,0	-0,02810
3609,0	-0,02736
3610,0	-0,02653
3611,0	-0,02526
3612,0	-0,02438
3613,0	-0,02345
3614,0	-0,02265
3615,0	-0,02108
3616,0	-0,02076
3617,0	-0,01888
3618,0	-0,01823
3619,0	-0,01695
3620,0	-0,01552
3621,0	-0,01445
3622,0	-0,01419
3623,0	-0,01225
3624,0	-0,01185
3625,0	-0,01052
3626,0	-0,00982
3627,0	-0,00737
3628,0	-0,00494
3629,0	-0,00343
3630,0	-0,00248
3631,0	-0,00045
3632,0	0,00135
3633,0	0,00314
3634,0	0,00342
3635,0	0,00483
3636,0	0,00592
3637,0	0,00635
3638,0	0,00719
3639,0	0,00762
3640,0	0,00917
3641,0	0,00942
3642,0	0,00976
3643,0	0,01055
3644,0	0,01182
3645,0	0,01199
3646,0	0,01261
3647,0	0,01309
3648,0	0,01404
3649,0	0,01481
3650,0	0,01481
3651,0	0,01520
3652,0	0,01606
3653,0	0,01751
3654,0	0,01721
3655,0	0,01795
3656,0	0,01803
3657,0	0,01853
3658,0	0,01847
3659,0	0,01937
3660,0	0,01983
3661,0	0,02013
3662,0	0,01932
3663,0	0,02026
3664,0	0,02040
3665,0	0,02097
3666,0	0,02015
3667,0	0,02081
3668,0	0,02131
3669,0	0,02060
3670,0	0,02057
3671,0	0,02038
3672,0	0,02017
3673,0	0,02090
3674,0	0,02053
3675,0	0,02003
3676,0	0,02014
3677,0	0,02034
3678,0	0,02002
3679,0	0,01961
3680,0	0,01984
3681,0	0,01975
3682,0	0,01839
3683,0	0,01808
3684,0	0,01815
3685,0	0,01780
3686,0	0,01700
3687,0	0,01605
3688,0	0,01572
3689,0	0,01505
3690,0	0,01494
3691,0	0,01365
3692,0	0,01368
3693,0	0,01344
3694,0	0,01194
3695,0	0,01126
3696,0	0,01024
3697,0	0,01043
3698,0	0,00976
3699,0	0,00910
3700,0	0,00827
3701,0	0,00807
3702,0	0,00657
3703,0	0,00558
3704,0	0,00522
3705,0	0,00385
3706,0	0,00243
3707,0	0,00014
3708,0	-0,00044
3709,0	-0,00134
3710,0	-0,00389
3711,0	-0,00456
3712,0	-0,00550
3713,0	-0,00649
3714,0	-0,00885
3715,0	-0,01024
3716,0	-0,01200
3717,0	-0,01265
3718,0	-0,01321
3719,0	-0,01463
3720,0	-0,01484
3721,0	-0,01615
3722,0	-0,01722
3723,0	-0,01920
3724,0	-0,01997
3725,0	-0,02081
3726,0	-0,02139
3727,0	-0,02192
3728,0	-0,02312
3729,0	-0,02411
3730,0	-0,02551
3731,0	-0,02605
3732,0	-0,02737
3733,0	-0,02793
3734,0	-0,02866
3735,0	-0,03032
3736,0	-0,03044
3737,0	-0,03126
3738,0	-0,03225
3739,0	-0,03309
3740,0	-0,03481
3741,0	-0,03493
3742,0	-0,03641
3743,0	-0,03718
3744,0	-0,03821
3745,0	-0,03887
3746,0	-0,04025
3747,0	-0,03995
3748,0	-0,04031
3749,0	-0,04122
3750,0	-0,04188
3751,0	-0,04266
3752,0	-0,04323
3753,0	-0,04455
3754,0	-0,04543
3755,0	-0,04644
3756,0	-0,04644
3757,0	-0,04680
3758,0	-0,04710
3759,0	-0,04808
3760,0	-0,04783
3761,0	-0,04781
3762,0	-0,04871
3763,0	-0,04868
3764,0	-0,04914
3765,0	-0,04937
3766,0	-0,04965
3767,0	-0,04988
3768,0	-0,04907
3769,0	-0,05005
3770,0	-0,05072
3771,0	-0,05100
3772,0	-0,05080
3773,0	-0,04994
3774,0	-0,05033
3775,0	-0,05145
3776,0	-0,05090
3777,0	-0,05007
3778,0	-0,05029
3779,0	-0,05011
3780,0	-0,04990
3781,0	-0,04935
3782,0	-0,04929
3783,0	-0,04970
3784,0	-0,04829
3785,0	-0,04828
3786,0	-0,04876
3787,0	-0,04881
3788,0	-0,04777
3789,0	-0,04740
3790,0	-0,04673
3791,0	-0,04680
3792,0	-0,04651
3793,0	-0,04578
3794,0	-0,04500
3795,0	-0,04376
3796,0	-0,04316
3797,0	-0,04293
3798,0	-0,04258
3799,0	-0,04162
3800,0	-0,04109
3801,0	-0,04030
3802,0	-0,03920
3803,0	-0,03861
3804,0	-0,03774
3805,0	-0,03615
3806,0	-0,03596
3807,0	-0,03533
3808,0	-0,03414
3809,0	-0,03258
3810,0	-0,03171
3811,0	-0,03180
3812,0	-0,03072
3813,0	-0,02961
3814,0	-0,02887
3815,0	-0,02882
3816,0	-0,02716
3817,0	-0,02561
3818,0	-0,02529
3819,0	-0,02555
3820,0	-0,02464
3821,0	-0,02303
3822,0	-0,02169
3823,0	-0,02154
3824,0	-0,02077
3825,0	-0,01944
3826,0	-0,01891
3827,0	-0,01914
3828,0	-0,01786
3829,0	-0,01585
3830,0	-0,01557
3831,0	-0,01496
3832,0	-0,01446
3833,0	-0,01335
3834,0	-0,01194
3835,0	-0,01241
3836,0	-0,01194
3837,0	-0,00959
3838,0	-0,00891
3839,0	-0,00926
3840,0	-0,00834
3841,0	-0,00659
3842,0	-0,00668
3843,0	-0,00623
3844,0	-0,00500
3845,0	-0,00336
3846,0	-0,00256
3847,0	-0,00228
3848,0	-0,00182
3849,0	-0,00046
3850,0	0,00047
3851,0	0,00032
3852,0	0,00107
3853,0	0,00222
3854,0	0,00193
3855,0	0,00266
3856,0	0,00348
3857,0	0,00522
3858,0	0,00569
3859,0	0,00488
3860,0	0,00515
3861,0	0,00594
3862,0	0,00630
3863,0	0,00665
3864,0	0,00689
3865,0	0,00771
3866,0	0,00824
3867,0	0,00778
3868,0	0,00766
3869,0	0,00835
3870,0	0,00806
3871,0	0,00808
3872,0	0,00807
3873,0	0,00801
3874,0	0,00796
3875,0	0,00824
3876,0	0,00837
3877,0	0,00838
3878,0	0,00806
3879,0	0,00766
3880,0	0,00787
3881,0	0,00844
3882,0	0,00798
3883,0	0,00704
3884,0	0,00729
3885,0	0,00776
3886,0	0,00793
3887,0	0,00678
3888,0	0,00569
3889,0	0,00556
3890,0	0,00576
3891,0	0,00526
3892,0	0,00533
3893,0	0,00441
3894,0	0,00459
3895,0	0,00382
3896,0	0,00282
3897,0	0,00266
3898,0	0,00202
3899,0	0,00118
3900,0	0,00054
3901,0	-0,00018
3902,0	-0,00016
3903,0	-0,00181
3904,0	-0,00221
3905,0	-0,00330
3906,0	-0,00376
3907,0	-0,00557
3908,0	-0,00623
3909,0	-0,00737
3910,0	-0,00731
3911,0	-0,00863
3912,0	-0,01008
3913,0	-0,01021
3914,0	-0,01112
3915,0	-0,01161
3916,0	-0,01273
3917,0	-0,01359
3918,0	-0,01345
3919,0	-0,01479
3920,0	-0,01555
3921,0	-0,01639
3922,0	-0,01603
3923,0	-0,01729
3924,0	-0,01831
3925,0	-0,01871
3926,0	-0,01990
3927,0	-0,02034
3928,0	-0,02181
3929,0	-0,02237
3930,0	-0,02202
3931,0	-0,02295
3932,0	-0,02376
3933,0	-0,02473
3934,0	-0,02461
3935,0	-0,02591
3936,0	-0,02653
3937,0	-0,02697
3938,0	-0,02769
3939,0	-0,02851
3940,0	-0,02924
3941,0	-0,03056
3942,0	-0,03059
3943,0	-0,03059
3944,0	-0,03166
3945,0	-0,03247
3946,0	-0,03222
3947,0	-0,03336
3948,0	-0,03463
3949,0	-0,03534
3950,0	-0,03569
3951,0	-0,03624
3952,0	-0,03703
3953,0	-0,03800
3954,0	-0,03769
3955,0	-0,03918
3956,0	-0,03973
3957,0	-0,04024
3958,0	-0,04016
3959,0	-0,04124
3960,0	-0,04113
3961,0	-0,04089
3962,0	-0,04121
3963,0	-0,04228
3964,0	-0,04241
3965,0	-0,04323
3966,0	-0,04295
3967,0	-0,04284
3968,0	-0,04367
3969,0	-0,04409
3970,0	-0,04423
3971,0	-0,04370
3972,0	-0,04440
3973,0	-0,04426
3974,0	-0,04430
3975,0	-0,04460
3976,0	-0,04506
3977,0	-0,04494
3978,0	-0,04405
3979,0	-0,04505
3980,0	-0,04459
3981,0	-0,04506
3982,0	-0,04495
3983,0	-0,04446
3984,0	-0,04467
3985,0	-0,04456
3986,0	-0,04401
3987,0	-0,04412
3988,0	-0,04387
3989,0	-0,04429
3990,0	-0,04402
3991,0	-0,04341
3992,0	-0,04387
3993,0	-0,04247
3994,0	-0,04180
3995,0	-0,04123
3996,0	-0,04120
3997,0	-0,04072
3998,0	-0,04045
3999,0	-0,04006
4000,0	-0,04015
4001,0	-0,03898
4002,0	-0,03769
4003,0	-0,03736
4004,0	-0,03678
4005,0	-0,03631
4006,0	-0,03501
4007,0	-0,03509
4008,0	-0,03503
4009,0	-0,03453
4010,0	-0,03335
4011,0	-0,03272
4012,0	-0,03243
4013,0	-0,03221
4014,0	-0,03115
4015,0	-0,03121
4016,0	-0,03083
4017,0	-0,03007
4018,0	-0,02928
4019,0	-0,02773
4020,0	-0,02725
4021,0	-0,02646
4022,0	-0,02608
4023,0	-0,02511
4024,0	-0,02502
4025,0	-0,02429
4026,0	-0,02277
4027,0	-0,02325
4028,0	-0,02300
4029,0	-0,02193
4030,0	-0,02135
4031,0	-0,02066
4032,0	-0,02045
4033,0	-0,01954
4034,0	-0,01838
4035,0	-0,01844
4036,0	-0,01812
4037,0	-0,01692
4038,0	-0,01641
4039,0	-0,01603
4040,0	-0,01607
4041,0	-0,01488
4042,0	-0,01455
4043,0	-0,01404
4044,0	-0,01376
4045,0	-0,01310
4046,0	-0,01176
4047,0	-0,01134
4048,0	-0,01164
4049,0	-0,01051
4050,0	-0,01047
4051,0	-0,00971
4052,0	-0,00935
4053,0	-0,00751
4054,0	-0,00671
4055,0	-0,00621
4056,0	-0,00649
4057,0	-0,00504
4058,0	-0,00409
4059,0	-0,00340
4060,0	-0,00339
4061,0	-0,00333
4062,0	-0,00281
4063,0	-0,00208
4064,0	-0,00230
4065,0	-0,00272
4066,0	-0,00194
4067,0	-0,00151
4068,0	-0,00226
4069,0	-0,00197
4070,0	-0,00035
4071,0	0,00018
4072,0	-0,00011
4073,0	-0,00007
4074,0	-0,00024
4075,0	-0,00104
4076,0	-0,00068
4077,0	-0,00039
4078,0	0,00058
4079,0	-0,00031
4080,0	0,00042
4081,0	0,00115
4082,0	0,00077
4083,0	0,00013
4084,0	-0,00040
4085,0	0,00011
4086,0	0,00030
4087,0	-0,00032
4088,0	-0,00041
4089,0	0,00020
4090,0	0,00037
4091,0	-0,00011
4092,0	-0,00136
4093,0	-0,00084
4094,0	-0,00094
4095,0	-0,00146
4096,0	-0,00224
4097,0	-0,00256
4098,0	-0,00289
4099,0	-0,00299
4100,0	-0,00441
4101,0	-0,00481
4102,0	-0,00448
4103,0	-0,00477
4104,0	-0,00513
4105,0	-0,00531
4106,0	-0,00620
4107,0	-0,00703
4108,0	-0,00820
4109,0	-0,00864
4110,0	-0,00896
4111,0	-0,00951
4112,0	-0,01012
4113,0	-0,01027
4114,0	-0,01067
4115,0	-0,01102
4116,0	-0,01169
4117,0	-0,01203
4118,0	-0,01244
4119,0	-0,01341
4120,0	-0,01410
4121,0	-0,01401
4122,0	-0,01399
4123,0	-0,01455
4124,0	-0,01521
4125,0	-0,01606
4126,0	-0,01600
4127,0	-0,01656
4128,0	-0,01749
4129,0	-0,01791
4130,0	-0,01776
4131,0	-0,01757
4132,0	-0,01849
4133,0	-0,01913
4134,0	-0,01915
4135,0	-0,02052
4136,0	-0,02058
4137,0	-0,02121
4138,0	-0,02168
4139,0	-0,02240
4140,0	-0,02266
4141,0	-0,02205
4142,0	-0,02193
4143,0	-0,02289
4144,0	-0,02418
4145,0	-0,02466
4146,0	-0,02489
4147,0	-0,02502
4148,0	-0,02575
4149,0	-0,02649
4150,0	-0,02658
4151,0	-0,02667
4152,0	-0,02720
4153,0	-0,02732
4154,0	-0,02743
4155,0	-0,02847
4156,0	-0,02905
4157,0	-0,02980
4158,0	-0,02930
4159,0	-0,02979
4160,0	-0,03008
4161,0	-0,02995
4162,0	-0,02954
4163,0	-0,03030
4164,0	-0,03116
4165,0	-0,03082
4166,0	-0,03134
4167,0	-0,03130
4168,0	-0,03091
4169,0	-0,03225
4170,0	-0,03253
4171,0	-0,03273
4172,0	-0,03238
4173,0	-0,03235
4174,0	-0,03242
4175,0	-0,03226
4176,0	-0,03251
4177,0	-0,03356
4178,0	-0,03332
4179,0	-0,03291
4180,0	-0,03318
4181,0	-0,03360
4182,0	-0,03365
4183,0	-0,03319
4184,0	-0,03330
4185,0	-0,03394
4186,0	-0,03362
4187,0	-0,03361
4188,0	-0,03352
4189,0	-0,03336
4190,0	-0,03269
4191,0	-0,03340
4192,0	-0,03311
4193,0	-0,03251
4194,0	-0,03286
4195,0	-0,03225
4196,0	-0,03151
4197,0	-0,03181
4198,0	-0,03200
4199,0	-0,03212
4200,0	-0,03187
4201,0	-0,03113
4202,0	-0,03114
4203,0	-0,03142
4204,0	-0,03158
4205,0	-0,03074
4206,0	-0,03070
4207,0	-0,02953
4208,0	-0,02994
4209,0	-0,03004
4210,0	-0,02939
4211,0	-0,02833
4212,0	-0,02816
4213,0	-0,02855
4214,0	-0,02767
4215,0	-0,02722
4216,0	-0,02727
4217,0	-0,02683
4218,0	-0,02718
4219,0	-0,02580
4220,0	-0,02581
4221,0	-0,02539
4222,0	-0,02594
4223,0	-0,02570
4224,0	-0,02457
4225,0	-0,02437
4226,0	-0,02425
4227,0	-0,02393
4228,0	-0,02327
4229,0	-0,02290
4230,0	-0,02256
4231,0	-0,02240
4232,0	-0,02183
4233,0	-0,02148
4234,0	-0,02181
4235,0	-0,01990
4236,0	-0,01936
4237,0	-0,01988
4238,0	-0,02012
4239,0	-0,01936
4240,0	-0,01990
4241,0	-0,01828
4242,0	-0,01805
4243,0	-0,01688
4244,0	-0,01650
4245,0	-0,01731
4246,0	-0,01671
4247,0	-0,01639
4248,0	-0,01600
4249,0	-0,01575
4250,0	-0,01549
4251,0	-0,01482
4252,0	-0,01438
4253,0	-0,01419
4254,0	-0,01308
4255,0	-0,01324
4256,0	-0,01176
4257,0	-0,01295
4258,0	-0,01214
4259,0	-0,01159
4260,0	-0,01104
4261,0	-0,01112
4262,0	-0,01061
4263,0	-0,00970
4264,0	-0,00900
4265,0	-0,00903
4266,0	-0,00896
4267,0	-0,00796
4268,0	-0,00852
4269,0	-0,00878
4270,0	-0,00699
4271,0	-0,00543
4272,0	-0,00560
4273,0	-0,00668
4274,0	-0,00624
4275,0	-0,00555
4276,0	-0,00565
4277,0	-0,00479
4278,0	-0,00463
4279,0	-0,00406
4280,0	-0,00413
4281,0	-0,00401
4282,0	-0,00395
4283,0	-0,00290
4284,0	-0,00273
4285,0	-0,00302
4286,0	-0,00295
4287,0	-0,00272
4288,0	-0,00234
4289,0	-0,00321
4290,0	-0,00412
4291,0	-0,00312
4292,0	-0,00274
4293,0	-0,00399
4294,0	-0,00422
4295,0	-0,00305
4296,0	-0,00332
4297,0	-0,00371
4298,0	-0,00403
4299,0	-0,00434
4300,0	-0,00348
4301,0	-0,00456
4302,0	-0,00463
4303,0	-0,00419
4304,0	-0,00417
4305,0	-0,00494
4306,0	-0,00529
4307,0	-0,00453
4308,0	-0,00449
4309,0	-0,00655
4310,0	-0,00687
4311,0	-0,00722
4312,0	-0,00695
4313,0	-0,00786
4314,0	-0,00859
4315,0	-0,00812
4316,0	-0,00903
4317,0	-0,01010
4318,0	-0,01057
4319,0	-0,01009
4320,0	-0,01014
4321,0	-0,01141
4322,0	-0,01217
4323,0	-0,01261
4324,0	-0,01207
4325,0	-0,01292
4326,0	-0,01342
4327,0	-0,01359
4328,0	-0,01364
4329,0	-0,01402
4330,0	-0,01412
4331,0	-0,01418
4332,0	-0,01421
4333,0	-0,01566
4334,0	-0,01670
4335,0	-0,01632
4336,0	-0,01592
4337,0	-0,01685
4338,0	-0,01765
4339,0	-0,01748
4340,0	-0,01758
4341,0	-0,01865
4342,0	-0,01939
4343,0	-0,01933
4344,0	-0,02005
4345,0	-0,02093
4346,0	-0,02085
4347,0	-0,02123
4348,0	-0,02114
4349,0	-0,02129
4350,0	-0,02234
4351,0	-0,02238
4352,0	-0,02296
4353,0	-0,02360
4354,0	-0,02391
4355,0	-0,02393
4356,0	-0,02455
4357,0	-0,02477
4358,0	-0,02540
4359,0	-0,02558
4360,0	-0,02646
4361,0	-0,02632
4362,0	-0,02683
4363,0	-0,02776
4364,0	-0,02689
4365,0	-0,02735
4366,0	-0,02874
4367,0	-0,02933
4368,0	-0,02920
4369,0	-0,02845
4370,0	-0,02965
4371,0	-0,02971
4372,0	-0,03009
4373,0	-0,03051
4374,0	-0,03105
4375,0	-0,03044
4376,0	-0,03005
4377,0	-0,03063
4378,0	-0,03087
4379,0	-0,02992
4380,0	-0,03022
4381,0	-0,03051
4382,0	-0,03080
4383,0	-0,03095
